Sample_ID	sample_id	computed_gender	chrom	beg_GRCh37	end_GRCh37	length	p_arm	q_arm	n_sites	n_hets	n50_hets	bdev	bdev_se	rel_cov	rel_cov_se	lod_lrr_baf	lod_baf_phase	n_flips	baf_conc	lod_baf_conc	type	cf
1	MB5406_GST006_003_001	M	1	145421477	249250621	103829144	0	1	24921	6779	15876	0.0252	0.0005	2.5297	0.0023	2320.65	1220.22	63	0.7067	229	Gain	0.1313
1	MB5406_GST006_003_001	M	18	1850820	15375878	13525058	1	0	4140	1	6326	0.1618	nan	1.2201	0.0055	2394.96	2	-1	nan	0	Loss	0.7799
2	JT3307_BIR586_003_002	F	11	78864605	114630293	35765688	0	1	8399	2529	8080	0.0505	0.0014	1.8259	0.0032	2045.2	2338.04	43	0.9264	471.21	Loss	0.1835
3	RW5110_GLA149_003_003	M	1	144865454	249250621	104385167	0	1	24958	6286	8132	0.0759	nan	2.5216	0.004	11230.04	10714.27	-1	0.9766	1543.22	Gain	0.3582
3	RW5110_GLA149_003_003	M	3	134070429	198022430	63952001	0	1	13298	2414	8915	0.0793	nan	2.8933	0.0064	5590.19	4412.45	-1	0.9672	558.89	Gain	0.3772
3	RW5110_GLA149_003_003	M	6	0	24288724	24288724	1	0	7285	9	6145	0.0772	nan	1.3313	0.0055	1098.82	14.45	-1	0.625	0.1	Loss	0.2676
3	RW5110_GLA149_003_003	M	6	24291203	171115067	146823864	1	1	31950	9256	9073	0.0671	0.0009	2.3895	0.0029	11232.33	12217.26	92	0.9777	2289.72	Gain	0.3101
3	RW5110_GLA149_003_003	M	19	0	24545366	24545366	1	0	5768	1300	7952	0.0771	nan	2.4983	0.0101	2369.16	2163.02	-1	0.9474	265.36	Gain	0.3645
3	RW5110_GLA149_003_003	M	21	14288129	48129895	33841766	0	1	8814	2409	7165	0.0559	0.0014	2.2396	0.0033	1574.96	1977.54	34	0.9282	438.11	Gain	0.2518
4	JT6112_CAR168_003_004	M	7	10676599	70233139	59556540	1	1	13568	8	8782	0.1	nan	1.3611	0.0025	2379.64	14	-1	0.8571	0.84	Loss	0.3333
4	JT6112_CAR168_003_004	M	7	84429366	99844043	15414677	0	1	3485	678	9598	0.0643	nan	2.677	0.0066	1383.43	1194.98	-1	0.9822	174.33	Gain	0.2951
4	JT6112_CAR168_003_004	M	7	99939321	159138663	59199342	0	1	12220	12	9544	0.0499	nan	1.3831	0.0034	1975.42	16.74	-1	0.4545	0.02	Loss	0.1813
4	JT6112_CAR168_003_004	M	12	10631762	18128339	7496577	1	0	1936	1	7289	0.3618	nan	1.3541	0.0057	354.91	2	-1	nan	0	Loss	0.6459
4	JT6112_CAR168_003_004	M	21	31520760	48129895	16609135	0	1	1740	453	15437	0.0635	nan	2.4881	0.0099	455.47	420.81	-1	0.9627	54.84	Gain	0.2911
4	JT6112_CAR168_003_004	M	21	40196388	48129895	7933507	0	1	2317	4	6556	0.3618	nan	1.4082	0.0055	345.07	8	-1	0	0.92	Loss	0.5918
5	CM3711_GLA151_003_005	F	2	0	64595522	64595522	1	0	17483	5256	7066	0.031	0.0006	2.1308	0.0023	664.87	1399.5	34	0.8192	487.78	Gain	0.1324
5	CM3711_GLA151_003_005	F	6	0	16933420	16933420	1	0	5209	1575	5991	0.0368	0.0012	1.915	0.003	350.75	590.48	24	0.8476	176.7	Loss	0.1371
5	CM3711_GLA151_003_005	F	13	32453125	53718221	21265096	0	1	5670	1	7243	0.3618	nan	1.1711	0.0035	3240.99	2	-1	nan	0	Loss	0.8289
5	CM3711_GLA151_003_005	F	20	35544673	48178213	12633540	0	1	3455	241	6839	0.0643	nan	1.5768	0.0046	867.54	437.5	-1	0.9292	45.11	Loss	0.228
6	TR4705_HAM070_003_006	M	11	0	135006516	135006516	1	1	33893	9264	7818	0.0634	0.0009	2.3602	0.0029	11879.77	12321.18	90	0.9725	2233.24	Gain	0.2903
7	MM3505_HAM071_003_007	F	12	111884608	133851895	21967287	0	1	6588	2023	6323	0.0385	0.0011	2.0561	0.0049	410.63	836.71	22	0.8946	300.42	CN-LOH	0.077
8	JB4211_GST010_003_008	F	1	160033502	176051131	16017629	0	1	4390	0	7666	nan	nan	1.24	0.0033	2957.66	nan	-1	nan	0	Loss	0.76
8	JB4211_GST010_003_008	F	4	0	10388610	10388610	1	0	2614	2	7766	0.082	nan	1.3347	0.0054	1233.93	3.93	-1	nan	0	Loss	0.6653
8	JB4211_GST010_003_008	F	4	10404512	27496410	17091898	1	0	4156	1	7850	0.3618	nan	1.2541	0.0031	2622.9	2	-1	nan	0	Loss	0.7459
8	JB4211_GST010_003_008	F	4	27509127	36398436	8889309	1	0	1546	0	10919	nan	nan	1.157	0.0081	1327.43	nan	-1	nan	0	Loss	0.843
8	JB4211_GST010_003_008	F	4	36403061	42665092	6262031	1	0	1651	0	7053	nan	nan	1.2369	0.0051	1102.86	nan	-1	nan	0	Loss	0.7631
8	JB4211_GST010_003_008	F	4	73527617	81801291	8273674	0	1	1584	405	10311	0.0622	nan	2.6264	0.0125	906.39	687.55	-1	0.9777	101.6	Gain	0.2843
8	JB4211_GST010_003_008	F	4	94799694	95472630	672936	0	1	109	8	10404	0.0919	nan	2.4707	0.0506	27.09	16	-1	1	2.09	Gain	0.4506
8	JB4211_GST010_003_008	F	4	147591367	155129517	7538150	0	1	1275	326	11217	0.0631	nan	2.5705	0.0136	692.07	515.84	-1	0.9414	65.39	Gain	0.289
8	JB4211_GST010_003_008	F	5	32380664	65539847	33159183	1	1	5802	1	11782	0.3618	nan	1.2365	0.0029	3860.54	-2	-1	nan	0	Loss	0.7635
8	JB4211_GST010_003_008	F	5	90147936	176885499	86737563	0	1	15390	1	11138	0.1618	nan	1.3038	0.0018	8137.44	2	-1	nan	0	Loss	0.6962
8	JB4211_GST010_003_008	F	7	0	159138663	159138663	1	1	34771	5	9175	0.1618	nan	1.2708	0.0012	20751	-6	-1	0.5	0	Loss	0.489
8	JB4211_GST010_003_008	F	12	3384986	10053457	6668471	1	0	2053	274	6385	0.0613	nan	2.7919	0.0128	1121.72	487.21	-1	0.956	60.16	Gain	0.2794
8	JB4211_GST010_003_008	F	12	12941884	34819926	21878042	1	0	6328	0	6929	nan	nan	1.214	0.0026	4468.88	nan	-1	nan	0	Loss	0.786
8	JB4211_GST010_003_008	F	12	88108462	94603994	6495532	0	1	1412	0	8025	nan	nan	1.2043	0.0053	1033.29	nan	-1	nan	0	Loss	0.7957
8	JB4211_GST010_003_008	F	13	46708291	52023533	5315242	0	1	1326	0	7871	nan	nan	1.2439	0.0059	861.75	nan	-1	nan	0	Loss	0.7561
8	JB4211_GST010_003_008	F	16	53283668	90354753	37071085	0	1	11486	2	6484	0.074	nan	1.2954	0.002	6356.12	3.52	-1	0	0.3	Loss	0.7046
8	JB4211_GST010_003_008	F	17	7462555	12641332	5178777	1	0	1446	0	6363	nan	nan	1.3249	0.0053	732.82	nan	-1	nan	0	Loss	0.6751
8	JB4211_GST010_003_008	F	17	12732925	18278517	5545592	1	0	1434	237	7128	0.0646	nan	2.9502	0.0184	969.6	394.7	-1	0.8983	36.86	Gain	0.2966
8	JB4211_GST010_003_008	F	18	18561020	52220942	33659922	0	1	8084	0	15516	nan	nan	1.2278	0.006	1473.91	nan	-1	nan	0	Loss	0.7722
8	JB4211_GST010_003_008	F	20	0	26293985	26293985	1	0	8178	0	11911	nan	nan	1.2583	0.0034	2999.54	nan	-1	nan	0	Loss	0.7417
8	JB4211_GST010_003_008	F	20	30347832	52384747	22036915	0	1	5562	0	7346	nan	nan	1.3174	0.0028	2831.57	nan	-1	nan	0	Loss	0.6826
10	AC4703_OX2643	F	6	0	9077515	9077515	1	0	2936	903	5616	0.0207	0.0012	1.9474	0.005	32.69	72.59	18	0.6697	22.12	Loss	0.0796
12	BR4608_CAR189_003_012	F	12	110922929	111979060	1056131	0	1	176	22	11078	0.0905	nan	1.5832	0.0218	51.53	43.99	-1	1	6.28	Loss	0.3065
14	BW4011	M	5	132419766	180915260	48495494	0	1	8763	194	10667	0.0622	nan	1.5421	0.0056	851.26	269.36	-1	0.776	13.04	Loss	0.2213
14	BW4011	M	7	81237	159138663	159057426	1	1	32848	367	9652	0.069	nan	1.4658	0.002	3251.79	466.58	-1	0.6877	10.92	Loss	0.2426
14	BW4011	M	15	51825032	102531392	50706360	0	1	13572	3674	7461	0.0705	nan	2.4394	0.0047	6039.06	6005.71	-1	0.9708	880.17	Gain	0.3285
14	BW4011	M	17	25391964	29731964	4340000	0	1	666	21	12908	0.1	nan	1.5436	0.0098	80.18	40	-1	0.95	4.23	Loss	0.3333
14	BW4011	M	17	41371844	55203315	13831471	0	1	2953	73	8573	0.045	nan	1.5067	0.0046	333.68	127.15	-1	0.9014	11.22	Loss	0.1651
14	BW4011	M	21	15412399	18113529	2701130	0	1	794	182	6301	0.069	nan	2.4875	0.0128	305.87	292.12	-1	0.9503	38.31	Gain	0.3202
14	BW4011	M	21	29999970	36202775	6202805	0	1	1529	48	7558	0.1618	nan	1.4836	0.0064	207.96	78	-1	0.8511	5.43	Loss	0.489
14	BW4011	M	21	37131690	46646264	9514574	0	1	2682	711	6802	0.0661	nan	2.392	0.0067	1085.7	1077.94	-1	0.9592	158.59	Gain	0.3045
14	BW4011	M	X	0	155270560	155270560	1	1	16928	115	18417	0.0166	0.0036	1.9518	0.0119	6.73	1.01	4	0.5625	0.33	Loss	0.0642
16	RM4310_GST015_003_016	M	20	35729950	63025520	27295570	0	1	8259	147	6048	0.0691	nan	1.488	0.0036	2197.5	199.21	-1	0.7671	9.16	Loss	0.2429
16	RM4310_GST015_003_016	M	21	15909251	17228150	1318899	0	1	349	71	7081	0.0673	nan	1.6081	0.0134	166.66	125.33	-1	0.913	11.64	Loss	0.2372
16	RM4310_GST015_003_016	M	21	18209270	19735401	1526131	0	1	452	97	6912	0.0742	nan	1.5756	0.0129	232.06	174.32	-1	0.9158	16.29	Loss	0.2584
16	RM4310_GST015_003_016	M	21	24006460	25713481	1707021	0	1	434	62	7062	0.0754	nan	1.5702	0.0122	168.98	120.86	-1	1	18.06	Loss	0.2621
16	RM4310_GST015_003_016	M	21	26706356	28775234	2068878	0	1	594	126	6144	0.0721	nan	1.6036	0.0102	311.49	237.29	-1	0.9516	26.34	Loss	0.2521
16	RM4310_GST015_003_016	M	21	28775601	37580807	8805206	0	1	2253	390	7303	0.0723	nan	2.7097	0.0103	1165.62	704.32	-1	0.9613	87.46	Gain	0.3381
16	RM4310_GST015_003_016	M	21	37606670	44519655	6912985	0	1	2108	220	6083	0.0677	nan	3.0288	0.0135	1275.39	406.93	-1	0.9543	47.3	Gain	0.3133
16	RM4310_GST015_003_016	M	22	17075353	29465677	12390324	0	1	3274	180	15764	0.076	nan	1.4053	0.0084	588.86	47.15	-1	0.7576	1.91	Loss	0.321
17	TNO_17	NA	21	15244894	48129895	32885001	0	1	NA	NA	NA	NA	NA	NA	NA	NA	NA	NA	NA	NA	Gain	NA
17	TNO_17	NA	8	0	146364022	146364022	1	1	NA	NA	NA	NA	NA	NA	NA	NA	NA	NA	NA	NA	Gain	NA
17	TNO_17	NA	7	0	159138663	159138663	1	1	NA	NA	NA	NA	NA	NA	NA	NA	NA	NA	NA	NA	Loss	NA
18	VO4409_003_018	M	5	85549524	180915260	95365736	0	1	16745	4603	11238	0.048	0.0009	1.9256	0.0027	1423.27	2305.31	41	0.884	626.7	CN-LOH	0.096
18	VO4409_003_018	M	9	71041878	141213431	70171553	0	1	18413	5133	7341	0.0484	0.0009	1.8538	0.0024	1834.2	2638.71	54	0.8936	758.52	Loss	0.1766
18	VO4409_003_018	M	13	19459541	62617330	43157789	0	1	11544	3494	13825	0.0338	0.0013	1.9044	0.004	139.72	305.96	16	0.7973	103.05	Loss	0.1917
18	VO4409_003_018	M	16	46615362	90354753	43739391	0	1	12857	3710	6818	0.0303	0.0007	2.0334	0.004	184.72	684.12	29	0.7568	206.65	CN-LOH	0.0606
18	VO4409_003_018	M	19	4841151	59128983	54287832	1	0	12533	3564	15946	0.0647	0.0027	2.1795	0.0083	926.66	1050.15	19	0.9384	193.37	Gain	0.2975
19	WD4208_003_019	F	6	12712516	26606512	13893996	1	0	4263	1199	6053	0.0305	0.0012	1.9174	0.0035	177.77	352.15	9	0.8034	98.74	Loss	0.1151
20	DM3605_003_020	M	3	119099049	198022430	78923381	0	1	16790	4797	17356	0.0123	0.0016	2.0803	0.0065	2.84	12.42	2	0.6076	4	Gain	0.15
20	DM3605_003_020	M	5	116465497	180915260	64449763	0	1	12141	1	10469	0.1618	nan	1.3242	0.0043	1094.9	2	-1	nan	0	Loss	0.6758
20	DM3605_003_020	M	7	62035570	159138663	97103093	0	1	19390	5669	21793	0.0621	0.0029	1.5852	0.0043	879.55	1199.68	7	0.956	212.56	Loss	0.2208
20	DM3605_003_020	M	12	6872512	41078266	34205754	1	1	8377	2	8463	0.1	nan	1.2341	0.0037	1006.19	4	-1	1	0.3	Loss	0.7659
20	DM3605_003_020	M	17	0	7675729	7675729	1	0	2054	0	7138	nan	nan	1.4035	0.0129	140.9	nan	-1	nan	0	Loss	0.5965
20	DM3605_003_020	M	21	40890825	48129895	7239070	0	1	2146	0	6396	nan	nan	1.3678	0.0059	163.67	nan	-1	nan	0	Loss	0.6322
20	DM3605_003_020	M	21	19559058	40887185	21328127	0	1	6844			0.0671	0.0197	2.6688	0.0392	43.7	43.81	1	0.9677	7.29	Gain	0.3659
21	MM4203_003_021	F	1	145531980	249250621	103718641	0	1	24917	6608	8095	0.07	nan	2.5136	0.0031	13001.97	11584.93	-1	0.9768	1643.58	Gain	0.3256
22	SG5003_003_022	M	1	154465065	249250621	94785556	0	1	23510	6193	7851	0.069	nan	2.4348	0.0025	11903.72	10285.01	-1	0.9753	1509.18	Gain	0.3203
22	SG5003_003_022	M	5	74066386	180915260	106848874	0	1	19205	5161	11014	0.0282	0.0006	1.971	0.0017	393.35	1028.73	62	0.7666	303.4	CN-LOH	0.0564
22	SG5003_003_022	M	11	64941419	135006516	70065097	0	1	17640	2687	7490	0.0717	0.0033	2.0113	0.0021	5048.5	5281.27	31	0.9862	705.13	CN-LOH	0.2
22	SG5003_003_022	M	13	20689298	87066709	66377411	0	1	17162	4614	7304	0.0292	0.0006	1.9004	0.0018	582.73	1032	42	0.7919	338.26	Loss	0.1102
22	SG5003_003_022	M	14	21150069	46309466	25159397	0	1	6269	1905	7977	0.0286	0.0009	1.8977	0.0031	241.22	404.3	20	0.7672	115.47	Loss	0.1083
22	SG5003_003_022	M	17	0	17682484	17682484	1	0	4724	1305	13724	0.0604	0.0028	2.0774	0.0087	935.16	1088.53	23	0.931	164.38	CN-LOH	0.1208
22	SG5003_003_022	M	17	34461454	35874936	1413482	0	1	253	90	12320	0.0551	0.0069	2.239	0.0204	73.99	86.86	1	0.9888	23.8	Gain	0.2475
22	SG5003_003_022	M	18	0	78077248	78077248	1	1	20570	5847	7283	0.0252	0.0005	1.8527	0.002	722.9	943.56	55	0.7295	252.07	Loss	0.0959
25	DT5210_003_025	M	5	49470083	180915260	131445177	0	1	23775	11	19941	nan	nan	1.2769	0.0065	667.73	nan	-1	nan	0	Loss	0.7231
25	DT5210_003_025	M	17	0	20157957	20157957	1	0	5111	3	7454	0.3618	nan	1.408	0.0053	1115.47	6	-1	0.5	0	Loss	0.592
26	JL4410_003_026	M	17	41063466	81195210	40131744	0	1	9642	2682	7679	0.0625	0.0019	2.0283	0.0024	4200.72	4567.64	38	0.9724	647.89	CN-LOH	0.1249
26	JL4410_003_026	M	21	14288129	25517741	11229612	0	1	2755	782	7527	0.0485	0.0023	1.9955	0.0045	531.93	707.95	17	0.9242	140.63	CN-LOH	0.0969
26	JL4410_003_026	M	21	25518478	48129895	22611417	0	1	6065	1684	6877	0.0607	0.0022	1.9929	0.0029	2419.55	2657.44	40	0.9631	383.44	CN-LOH	0.1214
28	RW4402_003_028	M	3	32763486	37590136	4826650	1	0	923	321	9651	0.0336	0.0026	1.9146	0.0072	69.79	103.47	5	0.8051	26.94	Loss	0.1261
28	RW4402_003_028	M	6	46942896	50258198	3315302	1	0	534	167	11953	0.034	0.0036	1.8666	0.0108	38.28	60.8	0	0.8303	16.9	Loss	0.1274
28	RW4402_003_028	M	6	70940652	83574391	12633739	0	1	2508	612	9356	0.0328	0.0018	1.8931	0.0048	126.93	164.26	16	0.7957	48.82	Loss	0.1231
28	RW4402_003_028	M	6	94071608	100600097	6528489	0	1	1118	287	10936	0.0321	0.0026	1.9003	0.007	54.52	82.34	4	0.7668	18.25	Loss	0.1206
28	RW4402_003_028	M	8	0	146364022	146364022	1	1	34990	10126	8403	0.0627	nan	2.3572	0.0021	14357.83	12981.19	-1	0.9137	1738.71	Gain	0.287
28	RW4402_003_028	M	12	11587782	22263219	10675437	1	0	3294	865	6494	0.0352	0.0016	1.9354	0.0042	195.6	302	16	0.8218	82.49	CN-LOH	0.0705
28	RW4402_003_028	M	12	88939133	95256296	6317163	0	1	1533	447	7472	0.0282	0.002	1.8979	0.0062	59.44	96.29	6	0.7793	30.94	Loss	0.1069
29	JH4406	M	20	32709444	50511273	17801829	0	1	4552	0	7316	nan	nan	1.3199	0.0037	2109.12	nan	-1	nan	0	Loss	0.6801
30	JS3810	M	1	0	249250621	249250621	1	1	60263	12949	36605	0.0742	nan	2.4442	0.0043	5855.35	5314.38	-1	0.9659	666.05	Gain	0.3487
30	JS3810	M	3	0	80273944	80273944	1	0	22687	4880	75087	0.0741	nan	1.6485	0.0181	769.72	665.13	-1	0.9575	75.36	Loss	0.2581
30	JS3810	M	5	33493797	34058555	564758	1	0	201	34	4779	0.072	nan	1.5631	0.0163	80.27	63.48	-1	0.9375	6.04	Loss	0.2517
30	JS3810	M	5	44777878	46399093	1621215	1	0	87	20	29764	0.0525	nan	1.6163	0.0394	34.18	32.34	-1	1	5.49	Loss	0.19
30	JS3810	M	5	55918201	75207783	19289582	0	1	3495	641	10694	0.0671	nan	1.5255	0.0042	1440.83	1198.15	-1	0.9793	154.48	Loss	0.2367
30	JS3810	M	5	91851425	180915260	89063835	0	1	15951	2271	10994	0.0694	nan	1.6243	0.0019	5196.32	4262.38	-1	0.9658	499.18	Loss	0.2439
30	JS3810	M	8	68589259	72904930	4315671	0	1	1159	320	7478	0.0617	0.0049	1.7346	0.0068	454.31	470.39	3	0.9653	71.07	Loss	0.2196
30	JS3810	M	11	0	47583121	47583121	1	0	13698	4111	6944	0.0563	0.0011	1.8135	0.0026	3712.86	4345.57	48	0.9536	853.63	Loss	0.2023
30	JS3810	M	11	47648042	135006516	87358474	1	1	20200	5525	8400	0.0449	0.0008	2.1827	0.0034	2353.84	3347.3	65	0.9236	950.54	Gain	0.1974
30	JS3810	M	12	0	2323621	2323621	1	0	6567	223	13802	0.0608	0.0085	1.8034	0.0099	173.15	183.25	1	0.9918	32.74	Loss	0.2167
30	JS3810	M	12	7820551	30282870	8548034	1	0	2227	100	7343	0.0633	0.0088	1.7383	0.0126	141.86	145.16	3	0.9697	22.83	Loss	0.2247
30	JS3810	M	12	7985318	14981667	6996349	1	0	1855	493	7101	0.0661	nan	1.7033	0.0139	702.44	701.33	-1	0.9633	108.72	Loss	0.2335
30	JS3810	M	12	17697444	18408596	711152	1	0	141	39	8262	0.0593	nan	1.7531	0.0233	54.36	52.7	-1	0.8947	5.52	Loss	0.2121
30	JS3810	M	12	26039506	26446733	407227	1	0	150	40	4951	0.069	nan	1.6847	0.1269	69.07	66.61	-1	1	11.26	Loss	0.2167
30	JS3810	M	12	62631257	70286926	7655669	0	1	1174	384	30691	0.059	0.0182	1.6882	0.0379	18.23	17.98	0	1	2.89	Loss	0.211
30	JS3810	M	12	115980907	116350954	370047	0	1	201	66	3675	0.067	0.0111	1.7386	0.0133	106.38	109.14	1	0.9846	16.55	Loss	0.2363
30	JS3810	M	16	2873313	4632954	1759641	1	0	451	148	6969	0.0651	0.0072	1.8566	0.011	185.73	233.74	0	0.9864	37.91	Loss	0.2305
30	JS3810	M	16	30666367	31817561	1151194	1	0	247	98	8725	0.0664	0.0097	1.8212	0.0155	149.21	161.99	0	1	28.01	Loss	0.2345
30	JS3810	M	16	74060285	75019070	958785	0	1	197	59	9130	0.0663	0.0122	1.7961	0.0155	90.72	96.8	0	1	16.75	Loss	0.234
30	JS3810	M	16	84245226	85712105	1466879	0	1	737	224	3660	0.065	0.006	1.8017	0.0082	265.93	335.78	3	0.9596	48.25	Loss	0.2302
30	JS3810	M	18	43562102	46608260	3046158	0	1	475	152	12486	0.0758	nan	2.446	0.0249	132.39	123.88	-1	0.9841	15.99	Gain	0.3575
30	JS3810	M	18	54265130	78077248	23812118	0	1	7306	2216	6101	0.0593	0.0017	1.8285	0.0061	2468.11	2794.68	21	0.9669	499.09	Loss	0.2121
30	JS3810	M	X	1673714	155270560	153596846	1	1	16827	56	18344	0.0639	nan	2.3948	0.0229	80.04	72.7	-1	0.8889	7.56	Gain	0.2929
31	IB4908_003_031	M	1	144894697	249250621	104355924	0	1	24958	5752	8130	0.0769	nan	2.4981	0.0029	11230.56	9617.48	-1	0.973	1392.73	Gain	0.3635
31	IB4908_003_031	M	9	0	44881336	44881336	1	0	9460	2072	9669	0.0756	nan	2.5537	0.0045	4174.99	3414.99	-1	0.9696	491.59	Gain	0.3562
31	IB4908_003_031	M	20	31985883	56402979	24417096	0	1	6620	0	6920	nan	nan	1.3795	0.0037	1785.02	nan	-1	nan	0	Loss	0.6205
31	IB4908_003_031	M	21	14288129	48129895	33841766	0	1	8818	2516	7165	0.0479	0.0012	2.1935	0.0033	1072.41	1379.5	34	0.8795	342.98	Gain	0.2117
35	MR6608_003_035	M	7	144828813	159138663	14309850	0	1	3459	11	7711	0.1618	0.0652	2.095	0.0048	29.8	8	1	0.3	0.37	CN-LOH	0.3236
37	BS4802_003_037	M	3	10142452	15055905	18691613	1	0	1773	437	10234	0.0649	0.0097	1.7751	0.0111	185.32	191.18	1	0.9583	25.66	Loss	0.2298
37	BS4802_003_037	M	5	49470083	180915260	131445177	0	1	22527	5813	141435	0.0802	nan	1.6647	0.0115	247.94	236.64	-1	0.96	27.01	Loss	0.2764
37	BS4802_003_037	M	7	88233444	128557406	40323962	0	1	11309	2023	38434	0.0722	nan	1.7022	0.0354	59.25	58.84	-1	1	8.64	Loss	0.2522
37	BS4802_003_037	M	12	0	29485449	29485449	1	0	8713	2576	6572	0.0635	0.0018	1.7064	0.0057	2757.25	3504.65	23	0.9763	616.37	Loss	0.2254
37	BS4802_003_037	M	12	43188454	43394267	205813	0	1	57	8	7752	0.071	0.0324	1.7662	0.0297	15.6	15.3	0	1	2.02	Loss	0.2487
37	BS4802_003_037	M	12	77077391	129680945	52603554	0	1	13033	3835	7664	0.0107	0.0005	1.9739	0.0039	3.2	83.13	14	0.5658	8.09	Loss	0.232
37	BS4802_003_037	M	13	20507957	24489605	3981648	0	1	1419	438	5677	0.0707	nan	1.7516	0.0072	637.02	624.12	-1	0.9213	73.59	Loss	0.2478
37	BS4802_003_037	M	13	31734601	50002042	18267441	0	1	4979	1201	7064	0.0687	0.003	1.7417	0.008	1907.94	1968.25	8	0.9783	291.51	Loss	0.2415
37	BS4802_003_037	M	13	51685789	53028710	1342921	0	1	276	51	10588	0.0651	0.0114	1.7849	0.015	67.62	73.83	0	0.96	10.8	Loss	0.2303
37	BS4802_003_037	M	17	2739061	3528614	789553	1	0	218	42	8460	0.0818	nan	1.7816	0.0159	80.56	71.04	-1	0.9268	7.22	Loss	0.2812
37	BS4802_003_037	M	17	4066223	8941209	4874986	1	0	1352	312	6574	0.0765	nan	1.7967	0.0069	556.64	529.36	-1	0.932	56.21	Loss	0.2654
37	BS4802_003_037	M	17	25532171	35694047	10161876	0	1	2218	637	9501	0.0683	0.0045	1.7595	0.0052	1096.87	1122.1	4	0.9874	164.69	Loss	0.2404
37	BS4802_003_037	M	17	47645719	48932828	1287109	0	1	382	123	5967	0.0724	0.0101	1.7658	0.013	218.84	225.9	0	1	35.13	Loss	0.2531
37	BS4802_003_037	M	17	54906137	81195210	26289073	0	1	6663	1809	7259	0.0762	nan	1.7424	0.0032	3191.79	3163.79	-1	0.9684	411.64	Loss	0.2646
37	BS4802_003_037	M	18	42135254	43104717	969463	0	1	280	84	5534	0.0724	0.011	1.7463	0.0146	131.36	141.95	0	1	23.61	Loss	0.2529
37	BS4802_003_037	M	18	63545342	78077248	14531906	0	1	4639	1185	5830	0.0672	0.0029	1.7433	0.0084	1782.96	1856.8	21	0.9721	275.54	Loss	0.2368
37	BS4802_003_037	M	21	14288129	17934419	3646290	0	1	760	183	10516	0.0654	nan	2.4566	0.0146	272.69	260.48	-1	0.9505	37.08	Gain	0.3011
37	BS4802_003_037	M	21	19154417	20402382	1247965	0	1	357	84	6512	0.0649	0.0106	2.491	0.0208	124.26	128.68	0	0.9759	19.86	Gain	0.2984
37	BS4802_003_037	M	21	22492431	23312094	819663	0	1	237	50	6371	0.053	nan	1.5532	0.0166	97.95	93.73	-1	1	14.11	Loss	0.1917
37	BS4802_003_037	M	21	37097971	41010801	3912830	0	1	721	162	16451	0.0578	nan	2.5622	0.0394	29.71	26.31	-1	1	4.08	Gain	0.3375
38	HM5212_003_038	M	9	0	34390330	34390330	1	0	8451	2366	7936	0.0463	0.0013	1.9727	0.0024	1264.59	1855.21	21	0.9306	441.72	CN-LOH	0.0926
41	TD4003_003_041	F	1	145421477	249250621	103829144	0	1	24942	7078	8087	0.0237	0.0004	2.0523	0.0019	330.74	1024.69	87	0.7389	349.96	Gain	0.0993
41	TD4003_003_041	F	9	0	28205326	28205326	1	0	7311	2164	7376	0.045	0.0012	1.9726	0.0028	951.38	1399.02	33	0.9095	358.25	CN-LOH	0.0899
42	SB5506_003_042	M	22	28540492	31425998	2885506	0	1	574	215	24182	0.068	nan	1.687	0.0309	43.78	40.24	-1	1	6.24	Loss	0.2395
43	RS5004_003_043	M	1	145535921	249250621	103714700	0	1	24911	6963	16001	0.0617	0.0014	2.3766	0.0062	5124.28	5428.42	29	0.9771	965.67	Gain	0.2814
43	RS5004_003_043	M	9	0	25683220	25683220	1	0	6600	22	7517	0.2	0.0492	2.0319	0.0069	28.05	12	2	0.3333	0.52	CN-LOH	0.4
45	MA5709	M	8	0	146364022	146364022	1	1	34989	11025	8403	0.0375	0.0005	2.1239	0.0026	2025.4	3798.62	98	0.8494	1273.17	Gain	0.1621
46	MC4407	M	1	41021976	46875067	5853091	1	0	1221	19	10009	0.091	nan	3.293	0.0238	556.18	31.98	-1	0.8333	1.71	Gain	0.445
46	MC4407	M	4	1807894	191154276	189346382	1	1	37528	6844	9585	0.0733	nan	1.5982	0.0018	16163.75	12729.77	-1	0.9732	1588.24	Loss	0.2558
46	MC4407	M	7	0	8790549	8790549	1	0	2206	28	7740	0.1	nan	1.4598	0.007	445.42	44	-1	0.7692	1.51	Loss	0.3333
46	MC4407	M	7	8794418	19716163	10921745	1	0	3481	32	5909	0.0619	nan	1.368	0.0059	1044.47	35.52	-1	0.7097	1.02	Loss	0.2205
46	MC4407	M	7	27900596	44626377	16725781	1	0	3546	1059	16807	0.0672	nan	2.4658	0.0064	1289.52	1221.29	-1	0.9642	208.05	Gain	0.3107
46	MC4407	M	7	49217173	50350267	1133094	1	0	209	49	9451	0.0663	nan	1.6017	0.0227	102.14	89.07	-1	0.9583	10.14	Loss	0.2341
46	MC4407	M	7	72861782	159138663	86276881	0	1	17954	5026	9637	0.0327	0.0006	2.1602	0.0025	692.66	1252.3	56	0.7991	364.21	Gain	0.14
46	MC4407	M	9	0	2062014	2062014	1	0	638	144	10971	0.0596	nan	1.734	0.0147	200.86	169.89	-1	0.9118	16.16	Loss	0.2131
46	MC4407	M	9	12581270	25218359	12637089	1	0	2812	508	8868	0.0694	nan	1.589	0.0064	1164.33	886.06	-1	0.9527	103.38	Loss	0.2437
46	MC4407	M	9	30988320	34839291	3850971	1	0	677	186	21896	0.0628	nan	2.4039	0.0203	120.33	118.6	-1	0.9118	16.16	Gain	0.2872
46	MC4407	M	9	34843372	35650458	807086	1	0	109	22	16741	0.0726	nan	2.286	0.0342	32.02	30.48	-1	0.9524	4.27	Gain	0.3399
46	MC4407	M	9	35659591	44887313	9227722	1	0	803	188	6006382	0.0742	nan	1.7102	0.0107	400.96	360.28	-1	0.9733	43.48	Loss	0.2585
46	MC4407	M	9	71033538	141213431	70179893	0	1	18417	5	7334	0.0419	nan	1.2721	0.0024	7575.76	6.57	-1	0.5	0	Loss	0.1545
46	MC4407	M	15	44959132	102531392	57572260	0	1	15091	4619	7629	0.0614	0.0012	2.2607	0.0027	4672.42	5195.99	61	0.9646	1011.81	Gain	0.2798
46	MC4407	M	16	0	88664312	88664312	1	1	21088	4642	9003	0.0775	nan	1.6351	0.0022	10326.77	8698.38	-1	0.9715	1065.43	Loss	0.6173
46	MC4407	M	17	26241477	45730899	19489422	0	1	3216	332	31786	0.0674	nan	1.6309	0.0138	276.24	222.87	-1	0.9913	30.33	Loss	0.2376
46	MC4407	M	17	50321172	81195210	30874038	0	1	7766	1	14419	nan	nan	1.3935	0.0052	1263.67	nan	-1	nan	0	Loss	0.6065
46	MC4407	M	18	0	8900317	8900317	1	0	3005	776	5503	0.0746	nan	1.5905	0.0061	1629.62	1344.92	-1	0.9444	149.97	Loss	0.2596
46	MC4407	M	21	20371429	26621921	6250492	0	1	1582	2	7030	0.0559	nan	1.0482	0.0077	1211.34	2.48	-1	1	0.29	Loss	0.9518
46	MC4407	M	21	37508643	48129895	10621252	0	1	2979	270	6769	0.0718	nan	2.9026	0.0109	1226.23	469.73	-1	0.9135	42.6	Gain	0.3355
48	JR4905_003_048	F	11	60559045	64179813	3620768	0	1	651	67	14437	0.1	nan	1.5846	0.0184	57.54	26	-1	0.9231	2.35	Loss	0.3333
49	SS4605_003_049	F	9	0	36066220	36066220	1	0	7501	111	19644	0.2618	0.0696	2.0072	0.0038	4.25	14	0	0.5833	0.06	CN-LOH	0.5236
52	MT4505	F	3	133258597	198022430	64763833	0	1	12832	3561	26911	0.0668	nan	2.3807	0.0082	826.11	716.93	-1	0.9858	112.31	Gain	0.3086
52	MT4505	F	5	49470083	180915260	131445177	0	1	5466	625	66893	0.0396	nan	1.4791	0.0051	865.68	104.74	-1	0.9	9.4	Loss	0.3333
52	MT4505	F	6	0	27480227	27480227	1	0	8572	2264	5980	0.068	nan	1.4883	0.0026	5825.26	4134.11	-1	0.977	564.5	Loss	0.2393
52	MT4505	F	6	27480917	51064520	23583603	1	0	4038	825	5996942	0.0668	0.0011	2.8652	0.0148	884.37	366.9	-1	0.9949	56.09	Gain	0.3085
52	MT4505	F	11	44772518	47044249	2271731	1	0	559	147	7555	0.0705	nan	1.7038	0.0105	315.97	279.27	-1	1	43.37	Loss	0.2471
52	MT4505	F	12	0	540994	540994	1	0	110	58	6192	0.051	0.0093	2.2118	0.0243	43.66	53.05	0	0.9643	12.9	Gain	0.2273
52	MT4505	F	17	0	18231998	18231998	1	0	4865	6	6909	0.3618	0.1146	2.044	0.0037	22.48	4	0	0.6	0.04	CN-LOH	0.7236
53	MW4210	M	5	88184003	147694648	59510645	0	1	9443	0	12530	nan	nan	1.3309	0.0036	2579.56	nan	-1	nan	0	Loss	0.6691
54	NH4611_NOT071	M	1	6330015	10974329	4644314	1	0	1182	290	13822	0.0784	nan	1.7298	0.0093	353.54	315	-1	0.9218	30.68	Loss	0.2711
54	NH4611_NOT071	M	4	0	72927226	72927226	1	0	13564	3734	138312	0.073	nan	1.7197	0.0159	176.61	169.69	-1	0.957	19.78	Loss	0.2549
54	NH4611_NOT071	M	5	32631975	93863813	61231838	1	1	10614	2893	1637783	0.0714	nan	1.6795	0.0069	2002.65	1926.14	-1	0.9828	248.55	Loss	0.2498
54	NH4611_NOT071	M	5	112992410	180915260	67922850	0	1	12837	3326	174976	0.0672	nan	1.7529	0.0112	164.14	152.43	-1	0.9412	16.4	Loss	0.2371
54	NH4611_NOT071	M	12	7518422	30906358	23387936	1	0	8579	2361	21377	0.0469	0.0017	1.8717	0.0085	726.15	941.47	24	0.9095	214.33	Loss	0.1716
54	NH4611_NOT071	M	12	37961768	133500611	95538843	0	1	19778	4600	125926	0.072	nan	1.6626	0.0052	1133.34	1090.22	-1	0.9843	145.49	Loss	0.2518
54	NH4611_NOT071	M	16	6596962	31957368	25360406	1	0	6515	1914	77381	0.067	nan	1.7259	0.0199	75.04	68.24	-1	0.8947	5.51	Loss	0.2363
54	NH4611_NOT071	M	17	0	13829013	13829013	1	0	3835	1132	35161	0.0762	nan	1.7308	0.0156	115.82	96.58	-1	0.8983	8.75	Loss	0.2644
54	NH4611_NOT071	M	18	0	14954303	14954303	1	0	4643	1234	36043	0.0739	nan	1.6579	0.0108	320.9	304.55	-1	0.9627	35.49	Loss	0.2576
54	NH4611_NOT071	M	18	70690400	78077248	7386848	0	1	2549	685	5397	0.026	0.0015	1.9316	0.0107	52.84	99.89	14	0.7578	36.33	Loss	0.099
54	NH4611_NOT071	M	19	0	8398531	4442529	1	0	2204	549	29841	0.0697	nan	1.7243	0.0073	603.75	532.72	-1	0.9094	50.84	Loss	0.2448
54	NH4611_NOT071	M	19	9141939	10482351	1340412	1	0	301	107	8337	0.066	nan	2.3755	0.02	171.06	170.72	-1	0.9811	26.33	Gain	0.3042
54	NH4611_NOT071	M	19	12692001	15210738	2518737	1	0	1891	199	20372	0.075	nan	1.6537	0.0152	92.21	87.61	-1	0.9778	10.93	Loss	0.2609
54	NH4611_NOT071	M	19	15210776	17121533	1910757	1	0	659	164	7405	0.0674	nan	2.3798	0.017	275.74	274.17	-1	0.9753	38.71	Gain	0.3118
54	NH4611_NOT071	M	19	17607175	18964442	1357267	1	0	353	93	6793	0.0681	nan	1.7161	0.0126	165.07	143.21	-1	0.9222	15.47	Loss	0.2397
54	NH4611_NOT071	M	19	19318158	24202429	4884271	1	0	390	138	23830	0.0642	0.0166	2.3226	0.0296	32.9	35.96	0	1	6.64	Gain	0.2946
54	NH4611_NOT071	M	19	37835658	38444944	609286	0	1	93	37	12337	0.08	nan	1.646	0.0271	73.61	72.89	-1	1	10.39	Loss	0.2759
54	NH4611_NOT071	M	21	15244894	48129895	32885001	0	1	8814	2403	6923	0.0555	0.0016	2.288	0.0048	2468.96	2666.17	49	0.9361	448.03	Gain	0.2496
55	PM4908	F	3	33562114	52349412	18787298	1	0	2228	458	51656	0.0717	nan	1.6696	0.0181	131.85	130.45	-1	0.9381	18.64	Loss	0.3242
55	PM4908	F	4	101505168	143757682	42252514	0	1	1126	253	11362	0.0733	nan	1.5815	0.0122	348.05	320.8	-1	0.9365	47.95	Loss	0.483
55	PM4908	F	9	0	38675465	38675465	1	0	9407	2594	8011	0.0561	0.0014	2.4291	0.0047	1480.41	1689.67	32	0.9053	405.66	Gain	0.253
55	PM4908	F	9	71083458	141213431	70129973	0	1	14317	1649	38987	0.0815	nan	1.7053	0.0044	3327.86	3293.49	-1	0.9774	498.33	Loss	0.2802
55	PM4908	F	10	2049668	12497747	10448079	1	0	4080	762	4803	0.0707	0.0037	1.644	0.0082	987.73	1002.56	11	0.9512	157.67	Loss	0..54
55	PM4908	F	13	19000000	35088178	16088178	0	1	4978	981	12213	0.0808	nan	2.9268	0.0113	1128.08	859.65	-1	0.9653	117.81	Gain	0.3856
55	PM4908	F	13	32175095	115169878	82994783	0	1	22874	6489	30096	0.08	nan	1.5943	0.0136	252.11	224.27	-1	0.9379	30.89	Loss	0.2758
55	PM4908	F	17	0	7732957	7732957	1	0	2075	590	7052	0.0735	0.0046	1.7494	0.0091	847.06	854.97	9	0.961	130.1	Loss	0.2562
55	PM4908	F	21	15494781	48129895	32635114	0	1	8627	2573	13789	0.0593	0.0019	2.3463	0.0064	1031.27	1202.79	23	0.9073	249.33	Gain	0.269
55	LG4707	F	11	82503394	125267398	42764004	0	1	10388	11	7831	0.0419	nan	1.3264	0.0037	5653.09	13.68	-1	0.6	0.08	Loss	0.1545
56	RD4608	M	9	35643558	35927129	283571	1	0	68	17	7833	0.2	nan	1.9275	0.0302	34.08	30	-1	0.875	2.15	CN-LOH	0.4
56	RD4608	M	19	38717378	59128983	20411605	0	1	5442	32	6949	0.0417	0.0103	1.8905	0.012	16.41	8.52	2	0.6452	0.54	Loss	0.1541
56	RD4608	M	20	48540151	49358421	818270	0	1	219	28	5986	0.0734	nan	1.6361	0.0195	58.49	51.79	-1	1	8.03	Loss	0.256
61	SB5702	F	3	0	90428286	90428286	1	0	22672	6896	7777	0.0553	0.0008	1.8677	0.0021	5019.06	6184.3	80	0.9396	1346.41	Loss	0.1992
61	SB5702	F	3	128303373	169267796	40964423	0	1	8116	2498	9602	0.0486	0.0012	2.1904	0.0071	1261.06	1588	45	0.9044	393.65	Gain	0.2154
61	SB5702	F	5	64851737	180915260	116063523	0	1	20850	6190	11030	0.057	0.0009	1.9278	0.0018	4744.85	5935.83	103	0.9355	1156.08	CN-LOH	0.114
61	SB5702	F	7	0	159138663	159138663	1	0	34758	11584	26369	0.0313	0.0006	1.939	0.0034	554.49	1179.04	44	0.7907	357.59	CN-LOH	0.1252
62	SL5012_LEE302	M	1	145413715	249250621	103836906	0	1	24950	5832	8087	0.0688	nan	2.5254	0.0028	12016.95	10451.18	-1	0.9806	1497.75	Gain	0.3189
62	SL5012_LEE302	M	7	61994170	159138663	97144493	0	1	19415	2	9989	0.1618	nan	1.2867	0.0024	6788.46	4	-1	0	0.3	Loss	0.7133
62	SL5012_LEE302	M	14	92592758	107349540	14756782	0	1	3958	24	7761	0.3382	0.0549	2.0418	0.0044	29.68	26	3	0.6522	0.45	CN-LOH	0.6764
62	SL5012_LEE302	M	21	15462504	43312993	27850489	0	1	7450	2192	6863	0.015	0.0007	2.0406	0.0026	18.79	112.86	16	0.6364	33.12	Gain	0.062
63	SS4005	F	5	49470083	180915260	131445177	0	1	21075	1	31876	0.2	nan	1.3399	0.0062	942.79	2	-1	nan	0	Loss	0.6601
63	SS4005	F	11	17101155	17878912	777757	1	0	282	92	6913	0.0689	nan	2.4636	0.0221	191.67	164.53	-1	0.978	22.96	Gain	0.3196
63	SS4005	F	11	104032160	110215582	6183422	0	1	1126	306	10582	0.0644	nan	2.5649	0.0108	681.72	510.24	-1	0.9672	71.85	Gain	0.2957
63	SS4005	F	11	128785123	134449758	5664635	0	1	1908	105	5281	0.0811	nan	3.2083	0.0171	1759.75	167.7	-1	0.8558	12.45	Gain	0.3869
63	SS4005	F	17	0	22242355	22242355	1	0	5289	7	7919	0.1	nan	1.4171	0.0037	2496.69	14	-1	0.5	0	Loss	0.3333
70	GUMI	F	5	107742569	180915260	73172691	0	1	13727	1	10527	0.083	nan	1.4071	0.0027	1510.67	1.86	-1	nan	0	Loss	0.5929
70	GUMI	F	7	0	159138663	159138663	1	1	34781	14	9171	0.0352	nan	1.3633	0.0018	4605.78	17.28	-1	0.4615	0.02	Loss	0.1315
70	GUMI	F	10	55623309	57678522	2055213	0	1	545	158	7251	0.0232	0.0028	2.0973	0.0107	6.96	26.57	0	0.7143	6.12	Gain	0.0971
70	GUMI	F	12	0	1987245	1987245	1	0	476	112	6689	0.0637	nan	2.4478	0.0174	192.09	178.87	-1	0.9459	22.94	Gain	0.2919
70	GUMI	F	12	5775875	20961322	15185447	1	0	4057	115	7120	0.0564	0.0077	2.3691	0.0731	147.65	150.88	3	0.9386	22.55	Gain	0.2545
70	GUMI	F	12	9056410	20640164	11583754	1	0	3084	2	7023	0.3618	nan	1.3477	0.0048	440.72	4	-1	1	0.3	Loss	0.6523
70	GUMI	F	12	20970247	27827545	6857298	1	0	2369	305	6132	0.0333	0.0025	2.171	0.0093	59.35	101.31	4	0.8212	28.66	Gain	0.1427
70	GUMI	F	12	29617550	29677146	59596	1	0	50	19	2713	0.0676	0.0331	1.6912	0.0343	36.89	34.98	1	0.9444	3.69	Loss	0.2381
70	GUMI	F	12	29682225	30786098	1103873	1	0	360	117	6099	0.0541	0.0073	2.32	0.0157	117.13	133.85	0	0.9304	21.67	Gain	0.2428
70	GUMI	F	21	19491664	30847259	11355595	0	1	2914	666	7007	0.0212	0.0014	2.0437	0.0049	28.81	75.94	8	0.6636	14.48	Loss	0.085
70	GUMI	F	21	19538007	20856704	1318697	0	1	344	73	7081	0.079	nan	1.6958	0.0124	151.59	139.91	-1	0.9583	16.03	Loss	0.2729
70	GUMI	F	21	24965577	26080959	1115382	0	1	295	84	6220	0.0585	nan	1.6884	0.0178	169.91	153.76	-1	0.9398	16.53	Loss	0.2095
70	GUMI	F	21	30953343	31366120	412777	0	1	125	25	5610	0.077	nan	1.7264	0.0198	51.76	47.86	-1	0.9583	5.34	Loss	0.2669
70	GUMI	F	21	36335405	42698907	6363502	0	1	1682	462	6841	0.0649	nan	2.4602	0.0092	827.09	788.58	-1	0.9629	104.86	Gain	0.2986
70	GUMI	F	21	43129407	46834814	3705407	0	1	1146	348	6768	0.0573	0.0043	2.206	0.0079	402.52	440.79	8	0.9477	71.83	Gain	0.259
71	LEJA	F	1	178659410	178752762	93352	0	1	27	14	7053	0.0566	0.0265	1.7009	0.0497	19.4	19.94	0	1	3.59	Loss	0.2032
71	LEJA	F	3	162675520	198022430	35346910	0	1	7375	2149	8719	0.0238	0.0008	2.0563	0.0027	96.27	271.19	26	0.726	73.62	Gain	0.1
71	LEJA	F	7	0	159138663	159138663	1	1	42039	19367	309465	0.0679	nan	1.8323	0.0125	201.21	196.52	-1	0.95	26.94	Loss	0.2392
71	LEJA	F	9	130755881	139403770	8647889	0	1	3305	737	18474	0.0664	0.0042	1.8185	0.0045	911.98	888.38	8	0.9683	123.04	Loss	0.2346
71	LEJA	F	10	47049547	47703869	654322	0	1	45	22	433964	0.0634	nan	2.4701	0.0445	41.22	32.48	-1	0.8571	2.21	Gain	0.2904
71	LEJA	F	11	0	95502310	95502310	1	1	23271	6252	16476	0.0489	0.0009	1.8176	0.0017	2693.54	3050.39	50	0.9215	699.09	Loss	0.1782
71	LEJA	F	11	95503636	135006516	39502880	0	1	10424	2472	17036	0.0772	nan	2.2755	0.0032	4744.2	4217.35	-1	0.9718	488.1	Gain	0.3651
71	LEJA	F	16	0	8048084	8048084	1	0	nan	nan	nan	0.0629	nan	1.7764	0.0222	30.48	27.26	-1	1	4.14	Loss	0.2236
71	LEJA	F	16	16290330	18157612	1867282	1	0	335	123	11071	0.071	nan	1.807	0.0109	186.13	177.23	-1	0.9262	20.19	Loss	0.2486
71	LEJA	F	17	0	19217261	19217261	1	0	4938	1289	7246	0.0636	0.0025	1.893	0.0032	1550.55	1688.06	45	0.9464	241.99	CN-LOH	0.1272
71	LEJA	F	17	3336162	3881130	544968	1	0	165	60	6196	0.0676	nan	1.9175	0.0169	67.45	67.32	-1	0.8814	7.31	CN-LOH	0.1351
71	LEJA	F	17	10016398	10531250	514852	1	0	156	47	5932	0.0711	nan	1.906	0.0187	66.59	66.47	-1	0.8913	6.09	CN-LOH	0.1421
71	LEJA	F	17	19281828	21920400	2638572	1	0	318	74	19668	0.0256	0.0043	2.2036	0.0139	11.63	10.8	1	0.7826	4.13	Gain	0.1079
71	LEJA	F	17	25446389	81195210	55748821	0	1	12959	3203	25261	0.0684	0.0029	1.8185	0.0031	1882.67	1891.26	12	0.9746	266.83	Loss	0.2405
71	LEJA	F	18	0	78077248	78077248	1	1	20573	6209	7281	0.0417	0.0007	1.7833	0.0015	2763.16	2900.44	91	0.8685	696.76	Loss	0.1539
71	LEJA	F	19	0	2953087	2953087	1	0	740	141	6601	0.0664	0.0079	1.7925	0.0088	227.08	187.22	12	0.8696	15.81	Loss	0.2344
71	LEJA	F	19	582505	1039444	456939	1	0	142	58	5967	0.069	nan	1.7789	0.0205	91.04	87.84	-1	0.9123	8.63	Loss	0.2426
71	LEJA	F	19	3058021	8586086	5528065	1	0	1479	437	6567	0.0643	nan	2.2077	0.0101	556.6	551.98	-1	0.9378	77.27	Gain	0.2953
71	LEJA	F	21	37101040	48129895	11028855	0	1	3074	806	6837	0.0349	0.0017	2.1478	0.0045	177.44	240.3	15	0.8224	65.16	Gain	0.1501
72	LERO	M	5	0	54026811	54026811	1	1	11785	3604	9096	0.0159	0.0005	2.12	0.003	56.81	153.66	34	0.6327	25.47	Gain	0.0657
72	LERO	M	5	55364571	180915260	125550689	0	1	22680	5918	25169	0.0751	nan	1.7074	0.0022	10894.07	10000.83	-1	0.9671	1152.45	Loss	0.2613
72	LERO	M	13	19755612	115169878	95414266	0	1	26179	7347	7008	0.0254	0.0005	2.0899	0.002	366.92	1039.84	69	0.7369	253.11	Gain	0.1069
72	LERO	M	21	37637805	48129895	10492090	0	1	2943	794	6727	0.0674	nan	2.3003	0.0064	1064.51	1027.51	-1	0.9444	140.41	Gain	0.3118
73	SAJU	F	19	0	4304498	4304498	1	0	1075	16	6682	0.1	nan	1.5398	0.029	150.25	18	-1	0.5333	0.01	Loss	0.3333
73	SAJU	F	19	4310327	11270867	6960540	1	0	1795	80	7215	0.0735	nan	3.1378	0.0179	738.46	135	-1	0.8861	11.39	Gain	0.3447
73	SAJU	F	19	16339715	21592283	5252568	1	0	1094	196	8721	0.0232	0.0028	2.0994	0.0099	10.8	21.17	4	0.6842	5.47	Gain	0.0972
73	SAJU	F	19	18964442	20910795	1946353	1	0	325	6	11971	0.1	nan	1.4887	0.015	51.03	12	-1	1	1.49	Loss	0.3333
73	SAJU	F	21	14288129	16922965	2634836	0	1	479	151	14321	0.0513	0.0056	2.2119	0.0113	107.92	126.93	5	0.9267	27.59	Gain	0.2286
73	SAJU	F	21	17146328	17828046	681718	0	1	196	42	6400	0.0628	0.0172	2.4494	0.0225	78.65	71.15	1	0.9756	10.15	Gain	0.2875
73	SAJU	F	21	25583058	31393087	5810029	0	1	1469	3	7301	0.3618	nan	4.053	0.0305	1093.21	6	-1	1	0.59	Gain	1
73	SAJU	F	21	36255821	42312399	6056578	0	1	1608	69	6873	0.0617	nan	3.2812	0.0188	705.79	114.67	-1	0.8971	10.48	Gain	0.2816
73	SAJU	F	21	42341594	48129895	5788301	0	1	1704	53	6495	0.079	nan	1.5114	0.0064	302.68	79.16	-1	0.7647	3.17	Loss	0.2729
74	BEMA	F	3	0	198022430	198022430	1	1	51682	0	165514	nan	nan	1.2684	0.0055	1285.93	nan	-1	nan	0	Loss	0.7316
74	BEMA	F	5	81679759	155120001	73440242	0	1	11249	1	51892	0.3618	nan	1.1674	0.0055	1447.95	-2	-1	nan	0	Loss	0.8326
74	BEMA	F	7	0	159138663	159138663	1	1	66061	0	107488	nan	nan	1.3828	0.0055	844.91	nan	-1	nan	0	Loss	0.6172
74	BEMA	F	15	20000000	30142373	10142373	0	1	1838	0	14518	nan	nan	1.2544	0.008	1188.66	nan	-1	nan	0	Loss	0.7456
74	BEMA	F	16	8351933	35285582	26933649	1	0	5726	1	9912	0.2618	nan	1.3745	0.0032	2448.58	2	-1	nan	0	Loss	0.6255
74	BEMA	F	16	59044591	88165210	29120619	0	1	8690	0	22348	nan	nan	1.1376	0.0065	1129.78	nan	-1	nan	0	Loss	0.8624
74	BEMA	F	17	0	18924345	18924345	1	0	4925	0	7123	nan	nan	1.3823	0.0041	2019.59	nan	-1	nan	0	Loss	0.6177
74	BEMA	F	X	0	155270560	155270560	1	1	16868	0	142125	nan	nan	1.3181	0.0041	1858.54	nan	-1	nan	0	Loss	0.6819
75	CELI	F	7	48445174	58019061	9573887	1	0	1692	172	20060	0.022	0.0029	1.9685	0.011	3.76	15.96	2	0.6129	1.55	Loss	0.3333
75	CELI	F	7	89733857	102113909	12380052	0	1	2761	800	9358	0.0711	nan	2.5017	0.0074	1465.69	1299.1	-1	0.9823	203.64	Gain	0.3314
75	CELI	F	7	113291922	133261817	19969895	0	1	2173	2	23267	0.3618	nan	1.0612	0.0086	801.72	-2	-1	nan	0	Loss	0.716
75	CELI	F	8	0	146364022	146364022	1	1	34986	8958	8404	0.074	nan	2.5761	0.0025	19932.91	16196	-1	0.9859	2355.25	Gain	0.3473
75	CELI	F	9	131419422	141213431	9794009	0	1	2844	0	6435	nan	nan	1.2685	0.0055	1482.8	nan	-1	nan	0	Loss	0.7315
75	CELI	F	11	0	6324964	6324964	1	0	2111	0	5944	nan	nan	1.2022	0.0083	1374.73	nan	-1	nan	0	Loss	0.7978
75	CELI	F	11	35435433	50697498	15262065	1	0	3309	803	9170	0.0755	nan	2.4202	0.0065	1561.43	1404.88	-1	0.9963	228.46	Gain	0.3557
75	CELI	F	11	83437714	89127087	5689373	0	1	1346	45	8076	0.0507	nan	3.603	0.0257	1191.81	78.89	-1	0.9773	10.96	Gain	0.2255
75	CELI	F	11	91080353	95656385	4576032	0	1	1122	350	7949	0.0713	nan	2.4259	0.0112	611.63	577.15	-1	0.9799	88.44	Gain	0.3325
75	CELI	F	11	98869223	104440171	5570948	0	1	1448	162	7414	0.0724	nan	3.0302	0.0173	869.04	302.24	-1	0.9627	36.57	Gain	0.3388
75	CELI	F	11	105751726	107803708	2051982	0	1	462	125	7818	0.072	nan	2.3486	0.0171	214.83	207.69	-1	1	36.69	Gain	0.3363
75	CELI	F	11	112738501	115162376	2423875	0	1	713	227	6351	0.0736	nan	2.3666	0.0127	385	372.02	-1	0.9956	64.09	Gain	0.3452
75	CELI	F	11	128693243	135006516	6313273	0	1	2116	0	5130	nan	nan	1.1687	0.006	1483.8	nan	-1	nan	0	Loss	0.8313
75	CELI	F	13	19000000	41656159	22656159	0	1	6826	2285	6246	0.0413	0.0011	1.8922	0.0029	655.69	1022.53	18	0.8689	290.25	Loss	0.1526
75	CELI	F	13	44461618	56287841	11826223	0	1	2795	815	8251	0.0406	0.0019	1.8913	0.005	236.9	362.37	3	0.8744	106.96	Loss	0.1502
75	CELI	F	17	0	8350054	8350054	1	0	2247	3	6943	0.0687	nan	1.3358	0.0065	918.67	2.76	-1	0.5	0	Loss	0.6642
76	CHTO	F	7	0	159138663	159138663	1	1	33350	0	98111	nan	nan	1.3243	0.0076	995.31	nan	-1	nan	0	Loss	0.7462
79	LAJA	F	1	145103644	249250621	61560763	0	1	24955	6842	16037	0.0532	0.0011	2.3714	0.005	3227.28	3511.42	54	0.941	751.92	Gain	0.2776
79	LAJA	F	3	143689222	198022430	54333208	0	1	11174	3336	8890	0.0486	0.0011	2.1694	0.0026	1802.35	2394.38	47	0.9316	633.69	Gain	0.2152
79	LAJA	F	3	181208850	182080081	871231	0	1	121	53	13861	0.0568	nan	2.1688	0.0207	40.76	35.98	-1	0.8235	4.96	Gain	0.2561
79	LAJA	F	6	0	25903308	25903308	1	0	7861	1265	6083	0.0691	nan	1.5965	0.0042	2918.06	2357.34	-1	0.9502	269.46	Loss	0.2429
79	LAJA	F	6	25948421	27483260	1534839	1	0	690	68	4021	0.0646	nan	1.5737	0.0091	177.94	132.6	-1	1	20.03	Loss	0.229
79	LAJA	F	7	100931873	101921289	989416	0	1	186	36	9540	0.1	nan	1.6908	0.0161	78.89	70	-1	0.9714	8.5	Loss	0.3333
79	LAJA	F	9	0	38478011	38478011	1	0	9360	100	7993	0.0424	0.0052	2.1462	0.003	92.4	45.66	4	0.8247	9.52	CN-LOH	0.1855
79	LAJA	F	9	77332549	77860670	528121	0	1	147	41	7697	0.0336	0.0062	1.9228	0.017	4.77	13.13	0	0.8	3.3	Loss	0.126
79	LAJA	F	9	91771642	94842715	3071073	0	1	797	158	7129	0.0787	nan	1.5652	0.0233	366.11	311.09	-1	0.9873	42.3	Loss	0.272
79	LAJA	F	20	0	3346954	3346954	1	0	1222	231	5147	0.0784	nan	1.6421	0.007	512.92	429.44	-1	0.9345	44.48	Loss	0.2712
80	LEGE	M	1	156670545	249250621	249250620	0	1	22943	5	32338	0.2618	nan	1.2547	0.0027	4885.01	2	-1	nan	0	Loss	0.8576
80	LEGE	M	5	130685868	180915260	50229392	0	1	10151	1	9570	0.3618	nan	1.3337	0.0023	5076.93	2	-1	nan	0	Loss	0.6663
80	LEGE	U	11	67435569	135006516	67570947	0	1	17070	4211	7466	0.0666	nan	2.5147	0.0033	9201.42	7267.88	-1	0.9736	1028.77	Gain	0.3075
80	LEGE	M	17	0	30704849	30704849	1	1	6162	1	10047	0.2618	nan	1.3438	0.003	3061.14	2	-1	nan	0	Loss	0.6562
80	LEGE	M	18	0	78077248	78077248	1	1	30572	5271	21075	0.069	nan	1.672	0.0034	2399.23	2066.69	-1	0.9575	255.22	Loss	0.2427
80	LEGE	M	X	0	155270560	155270560	1	1	16816	2	78701	nan	nan	1.245	0.0025	5529.76	nan	-1	nan	0	Loss	0.8414
81	NOCH	F	3	22623495	80091406	57467911	1	0	13842	2	18134	0.079	nan	1.1808	0.0024	13292.85	3.76	-1	1	0.3	Loss	0.8192
81	NOCH	F	5	85888681	159880356	73991675	0	1	12189	4	23497	0.0416	nan	1.1537	0.0031	7283.66	2.28	-1	1	0.3	Loss	0.8463
81	NOCH	F	12	7281613	34819926	27538313	1	0	7708	1	21321	0.3618	nan	1.185	0.0053	2450.05	-2	-1	nan	0	Loss	0.815
81	NOCH	F	15	75234610	83680287	8445677	0	1	1688	0	9958	nan	nan	1.2071	0.0066	1607.5	nan	-1	nan	0	Loss	0.7929
81	NOCH	F	17	18678548	39633680	20955132	1	1	3442	0	14155	nan	nan	1.2388	0.0052	3058.13	nan	-1	nan	0	Loss	0.7612
82	REJE	M	5	53246614	180915260	127668646	0	1	23134	3	10900	0.063	nan	1.309	0.0017	5825.35	2.77	-1	1	0.59	Loss	0.691
82	REJE	M	6	0	24481039	24481039	1	0	7357	4	6145	0.057	nan	1.3063	0.0034	1882.19	4.2	-1	1	0.89	Loss	0.6937
82	REJE	M	6	24481299	27483260	3001961	1	0	1219	81	4534	0.0624	nan	1.5206	0.0069	281.19	149.8	-1	0.9625	18.26	Loss	0.2218
82	REJE	M	6	34006958	44025699	10018741	1	0	2769	19	7271	0.081	nan	1.4844	0.008	380.86	26	-1	0.7778	1.24	Loss	0.2788
82	REJE	M	6	44030011	56684719	12654708	1	0	2951	4	8767	0.083	nan	1.3453	0.0043	638.73	7.82	-1	0.3333	0.08	Loss	0.6547
82	REJE	M	6	56702253	57205920	503667	1	0	82	6	9920	0.1	nan	1.5555	0.0207	18.84	12	-1	1	1.49	Loss	0.3333
82	REJE	M	13	19000000	53752340	34752340	0	1	9884	2	6673	0.0391	nan	1.2907	0.0038	2673.66	2.2	-1	1	0.3	Loss	0.7093
82	REJE	M	15	66121590	102531392	36409802	0	1	9820	2936	7388	0.0132	0.0005	2.0517	0.0043	15.81	117.18	20	0.6185	32.47	Gain	0.0542
82	REJE	M	19	0	5909780	5909780	1	0	1502	0	6659	nan	nan	1.4099	0.0065	267.04	nan	-1	nan	0	Loss	0.5901
83	MUGU_2	M	3	21042010	29968278	8926268	1	0	2514	0	6882	nan	nan	1.2556	0.0046	2076.75	nan	-1	nan	0	Loss	0.7444
83	MUGU_2	M	3	58176843	118442496	60265653	1	0	10928	1	25839	0.3618	nan	1.2964	0.0038	3491.5	-2	-1	nan	0	Loss	0.8023
83	MUGU_2	M	5	49470083	180915260	131445177	0	1	22550	5	11462	0.0433	nan	1.3163	0.0016	15275.39	3.81	-1	0.25	0.24	Loss	0.1593
83	MUGU_2	M	6	136918854	152985508	16066654	0	1	2869	0	9084	nan	nan	1.2495	0.0068	878.13	nan	-1	nan	0	Loss	0.7505
83	MUGU_2	M	7	8772150	20700361	11928211	1	0	3516	0	6422	nan	nan	1.2087	0.004	3293.17	nan	-1	nan	0	Loss	0.7913
83	MUGU_2	M	7	47432669	159138663	111705994	1	0	18258	0	8512	nan	nan	1.3132	0.0062	1038.05	nan	-1	nan	0	Loss	0.6868
83	MUGU_2	M	8	0	146364022	146364022	1	1	34776	8450	8441	0.061	nan	2.5354	0.0025	19835.65	13132.79	-1	0.8989	1299.74	Gain	0.278
83	MUGU_2	M	12	0	13956734	13956734	1	0	4121	0	6274	nan	nan	1.3485	0.0037	2523.13	nan	-1	nan	0	Loss	0.6515
83	MUGU_2	M	12	13957722	31195272	17237550	1	0	5116	0	6850	nan	nan	1.2465	0.0035	4392.58	nan	-1	nan	0	Loss	0.7535
83	MUGU_2	M	12	38072773	45322922	7250149	0	1	1483	1	9894	0.3618	nan	1.2099	0.0062	1391.62	-2	-1	nan	0	Loss	0.7901
83	MUGU_2	M	12	84315857	91652678	7336821	0	1	1118	0	11516	nan	nan	1.1744	0.0069	1139.36	nan	-1	nan	0	Loss	0.8256
83	MUGU_2	M	12	91653296	99756532	8103236	0	1	2218	0	6827	nan	nan	1.2872	0.0049	1654.71	nan	-1	nan	0	Loss	0.7128
83	MUGU_2	M	19	27801814	59128983	31327169	0	1	7939	2005	7296	0.0631	nan	2.4858	0.0046	4596.23	3018.4	-1	0.8691	256.94	Gain	0.2889