GMP_early_HC_no_chr21amp	GMP_early_MPNAML_chr21amp	GMP_early_MPNAML_no_chr21amp	GMP_late_HC_no_chr21amp	GMP_late_MPNAML_chr21amp	GMP_late_MPNAML_no_chr21amp	HSC_HC_no_chr21amp	HSC_MPNAML_chr21amp	HSC_MPNAML_no_chr21amp	MkEP_HC_no_chr21amp	MkEP_MPNAML_chr21amp	MkEP_MPNAML_no_chr21amp	MPP_HC_no_chr21amp	MPP_MPNAML_chr21amp	MPP_MPNAML_no_chr21amp	
-0.164935197	-0.61755027	-0.48805888	-0.314715773	0.428731285	-0.259507861	-0.3271003	0.449084992	-0.334184845	0.221861924	-0.918965739	-0.480676682	-0.636763446	0.201988008	-0.358286005	-0.12820049
-0.38689309	0.2643244	2.00766228	0.485750898	-0.075286085	0.947800139	0.218702967	-0.035204727	1.796075955	0.335369383	-0.841746004	0.61603305	-0.027374832	-0.321078845	2.131267595	0.775326761
-0.354712622	-0.393510903	-0.566938247	-0.48672357	-0.350559525	-0.465014228	-0.478952102	-0.508494267	-0.505886801	-0.486071278	-0.200433604	-0.330220594	-0.256013588	-0.232261097	-0.542750916	-0.418253531
0.677481311	-0.365149845	0.174438864	-0.161201557	1.080567911	0.721335518	0.233963436	-0.633700605	-0.501326417	-0.178080939	-1.134288628	-0.68173241	-1.160455314	-0.171664811	-0.236550322	-0.572468908
1.274636751	-0.503741201	0.391208042	-0.06922755	0.646813398	1.039844906	0.167292801	-0.390821166	-0.369739845	-0.36366099	-0.772189001	0.258738451	-0.878294889	0.562966587	0.109619439	-0.256663974
0.315587223	-1.373697167	-0.471237203	-0.812838631	-0.487997858	-0.531555444	-0.64046959	-1.219422141	-0.028506935	1.29206372	-0.687439742	1.88320615	0.603555072	-1.001507793	0.299305223	-0.269402981
1.095616971	-0.621216691	-0.330176968	-0.444043292	0.541265361	0.142065714	0.47417619	-0.808615989	-0.735922602	-0.526770829	-0.822221514	-0.698149612	-0.659011909	-0.753548364	-0.660762411	-0.537581287
1.581233507	-1.165586555	-0.838354996	-0.387800143	0.597711251	-0.265871989	0.348605111	-0.779016709	-0.325419789	0.033435017	-1.419360945	-0.778014358	-0.766981509	-0.597064337	-0.331789633	-0.731952819
-1.271854829	0.594519994	-0.331190278	-0.177725602	-0.142941017	0.172830382	-0.670100241	0.657971562	-0.006865556	0.685126233	0.949342652	0.093101984	0.107729706	1.528525284	-0.072890798	0.28135294
-0.218470424	-0.101468861	-0.406364279	-0.126884054	0.678265403	-0.227288771	-0.053852576	0.82048832	0.074553929	0.342893003	-0.740341771	-0.634413543	-0.660436633	0.171230951	-0.219974436	0.031435033
-0.577628539	0.554088435	-0.061849486	-0.06313194	1.19787345	0.242611473	0.487125974	0.176144171	-0.388941268	0.239421314	-0.012748201	-0.313955549	-0.165744055	-1.578728969	-0.667369611	-0.77646879
0.367120352	-0.080354207	0.010704487	-0.249309138	0.46577025	0.439102394	0.145590868	-0.739871507	-0.55677189	-0.20213643	-0.982008586	-0.594913136	-0.7602303	-0.690962594	-0.398589338	-0.514482685
-0.82038667	0.036030266	-0.994738476	-0.571571901	-0.372381401	-1.002133838	-0.401677103	-0.196480694	-0.066555664	0.133524113	-0.440871456	-0.164910911	-0.311299277	-0.168519949	-0.414453742	-0.387259655
0.227781944	-0.687952121	-0.386141901	-0.460381949	0.723835998	0.252784607	-0.026120088	-0.437919726	-0.511569591	-0.139789882	-1.005785594	-0.714333149	-0.9228204	-0.534249802	-0.509934802	-0.539233853
0.628918235	-0.729990631	-0.28422469	-0.494265872	0.508203567	0.104497686	-0.005265269	-0.198746355	-0.449342306	-0.133256807	-1.022909146	-0.810530746	-0.780619741	-0.564450292	-0.432216656	-0.409950405
-0.067272069	-0.668822249	-0.258110379	-0.039493935	0.268483784	-0.506230313	0.091985756	0.096602005	0.821680019	0.404758885	-1.156612808	-0.537524211	-0.411662568	-0.448805605	0.451247475	0.451131645
0.359547042	-0.250911142	1.06911644	0.561235162	-0.471673698	0.134915159	0.114877054	0.202701566	1.819013541	1.51745102	-0.998508781	0.705874007	-0.200091649	0.599025227	1.901078074	1.02577361
0.191673304	-0.543645991	-0.427697068	-0.467013421	0.644637876	0.03084218	-0.025930158	-0.134598097	-0.551148643	-0.192351019	-0.829013016	-0.708427132	-0.807184534	-0.296732026	-0.518153302	-0.430709166
1.760931087	-0.704964167	-0.706890671	-0.710515315	1.081981212	0.331396469	0.417266289	-0.644957255	-0.745504917	-0.723873533	-0.689757328	-0.74697699	-0.715162494	-0.689505442	-0.742485414	-0.688277968
-1.562934936	0.991625783	-0.392675819	0.384411974	0.333784367	-0.485961547	-0.173984826	0.883022043	-0.54001668	0.213433682	1.460006876	-0.355150177	0.622972562	0.16810994	-0.606484586	0.031183245
-1.259847965	0.235073677	-0.464277314	-0.01141176	-0.412824804	-0.473871789	-0.569652413	0.217901058	-0.457687303	0.1802941	1.232143682	-0.06859397	0.509596916	0.728864468	-0.407126838	-0.065999903
0.097534006	-0.468295783	-0.513832529	-0.369929121	0.675241527	-0.173736304	-0.042267925	-0.009102195	-0.502880223	0.097918664	-0.870276812	-0.767703382	-0.817882741	-0.215115177	-0.534967092	-0.387629017
2.757665721	0.467762701	0.418260524	1.539176497	-0.5067571	-0.137366548	0.95521464	-0.396650274	0.207450394	-0.039391395	0.072635179	-0.025015857	0.527204026	0.10410583	0.371968361	0.720520314
-0.48221346	0.09102239	-0.111260197	0.413353575	-0.29376496	-0.29914663	-0.173770169	0.999890004	0.815130521	1.585435997	-0.455073493	-0.067423526	-0.182262054	1.395757305	0.489464318	0.77760659
0.817734202	0.398451349	1.237762961	0.833584079	1.035783531	1.365922596	0.897828161	-0.487081584	0.275445755	-0.026664375	-1.090865869	-0.358567759	-0.775217887	-0.239704325	0.547174405	0.057879841
0.419446901	-0.374971938	-0.352706442	-0.385135575	0.929945096	0.205612483	0.185027366	-0.3686107	-0.702499298	-0.351660649	-0.809648625	-0.801653512	-0.846661428	-0.552401974	-0.644461169	-0.633537204
0.614963765	-0.075929742	-0.037407978	-0.047931361	1.128212854	0.47622475	0.458365975	-0.462745406	-0.622202127	-0.333331731	-0.895703152	-0.855902433	-0.904507397	-0.585290927	-0.524117077	-0.574401175
0.80085645	1.765015551	1.87603133	1.48274657	1.123518196	2.430054924	1.455694717	-0.925835941	-0.371280884	-0.656036703	-0.72124189	-0.308836013	-0.601261131	-0.644070555	-0.009600543	-0.438585643
0.426792518	0.063346495	-1.110580881	0.148886822	0.309612199	-0.905271925	-0.308792945	0.983656947	-0.359218237	-0.033888395	-0.213571445	-0.542350221	-0.336173597	0.37271291	-0.947232142	-0.185446887
-0.639388598	0.031934734	1.387973853	0.713916485	0.709036844	1.286578331	0.636266615	-0.627552466	1.162560878	0.951129002	-0.092844398	1.239236512	0.473608438	-0.872244526	1.574592262	0.639079529
0.255249219	-0.800157147	-0.884177833	-0.501350518	-0.602614502	-0.569020965	-0.288735718	-0.380108569	-0.673176691	0.508983654	-0.651865588	0.08602346	-0.156806968	-0.333408212	-0.615364877	-0.173519754
-0.465248053	-0.04493157	-1.173571239	-0.389755819	1.095743886	-0.815992913	-0.357979156	0.524957164	-1.095513823	0.143783951	-0.167651143	-1.150088432	-0.590645534	0.667158403	-1.093981088	-0.072968526
-1.166750202	0.294827062	-0.623187236	-0.518227471	0.589622676	0.327213966	-0.759212083	0.842218476	-0.643185919	0.089711826	0.730123328	-0.483951079	-0.464868186	1.186737789	-0.597587352	-0.362492948
0.670969674	-0.122780021	-1.055359709	-0.957335154	0.551396093	-1.302879368	-0.462702038	1.166253832	0.722722159	1.466958135	-1.009020535	-0.982968246	-0.609306702	0.102137153	-0.427201114	-1.222199925
0.416012179	1.123349337	0.637801656	-0.053801591	1.181730996	1.815980162	0.730703925	0.082201549	-1.63465648	1.22426211	-0.46886279	-0.078273165	0.560393452	0.041147015	-1.257259023	-0.70382223
0.030506133	-0.027032627	0.257953978	1.01868684	-0.346580559	0.035226912	0.260551296	0.42754036	0.143787716	-0.020017876	0.26352057	1.241845693	1.266893722	0.266052057	0.264580073	1.302104206
0.156191569	0.625902734	0.778126204	-0.282604687	1.048015432	0.942161131	0.458594803	-0.758451349	-0.539409752	-0.486186319	-0.593068889	-0.240214937	-0.588690172	-1.103929406	-0.241275939	-0.939191922
-1.072637334	-0.240308066	-0.871579112	-1.177936964	-0.109369652	-1.472388787	-0.60453446	0.937733959	0.314041064	0.441890096	-0.223088199	-1.133302578	-0.871737285	1.034774037	-0.174264393	0.127049952
-0.25919113	0.744483413	0.257701322	0.467048322	0.223839809	0.324915494	-0.15474068	0.517012911	-0.031487298	0.159730576	-0.079939475	0.160416235	-0.260454435	0.979001682	0.055392779	0.267704592
0.031958953	-0.271641988	0.532675322	-0.161690057	0.477265898	0.636490013	-0.133147889	0.48797406	1.126961227	-0.125021895	-0.678380781	1.00808416	-0.35189921	-0.064581529	0.919362744	0.000475857
-0.107818515	-0.846449771	-0.515581064	-0.450130656	-0.22945963	-0.977638608	-0.331333445	1.539498083	0.720972391	1.229509125	-1.589570661	-0.899318022	-0.413053363	-0.225740705	0.080267961	0.206903115
-1.132535364	0.728587942	1.767355315	0.249467103	1.06869193	1.172485611	0.341003653	-0.411904254	0.514672867	-0.494688241	0.547114082	1.138365318	0.448851603	-1.384805043	0.916531034	-0.222284348
1.979424453	0.003596579	-0.75950709	0.528673331	-0.350499201	-0.66436677	0.409426896	-0.653447754	-0.875712682	0.915604382	0.179846845	-0.738493165	0.050951388	0.494357626	-0.749203018	0.335387747
0.063226494	-0.090336281	-0.417715719	0.031142152	0.605147009	-0.051169838	-0.173277652	0.173901315	-0.330905065	0.358112067	-0.247779267	-0.097651582	-0.417197218	1.108160679	-0.255149366	0.061570114
-0.713083924	0.154587973	0.202868727	-0.174506778	-0.285850625	0.307212042	-0.108308222	0.47830131	1.76146092	2.349499937	-1.505597381	-0.403926931	-0.410013801	-0.284807728	0.651380181	0.180559671
2.190636264	-0.480547394	-0.669353597	-0.537221812	0.810643371	-0.492265401	0.340895832	-0.761619573	-0.434627427	-0.645574135	-0.882120327	-0.962095865	-0.737966158	-0.355347885	-0.575711043	-0.125130877
0.040823283	-0.10036495	-0.155179554	0.065921415	0.849605043	0.105513029	0.038705404	0.360402993	-0.10870726	-0.076581762	-0.723117801	-0.472045756	-0.716316184	-0.100614942	-0.179938456	-0.225639151
0.466024893	0.062739823	-0.434966946	-0.991784456	-0.413781614	-0.370451078	-0.239311464	0.635998744	-0.011763104	-0.69426294	-0.147425122	1.910773583	-0.014613657	-0.255192669	-0.21357343	-0.978159369
-0.531155278	-0.782184777	-0.565070357	0.006498518	-0.750425995	-0.765748332	-0.205002423	-0.597421011	-0.244904867	-0.35852129	-0.574808273	0.594906748	1.986256614	-0.628334329	-0.451256069	0.376645923
2.238457251	0.604220359	0.232357669	0.81288893	0.142817486	-0.179697689	0.763206194	-0.713483788	-0.544227083	-0.344910655	0.533270838	-0.284836082	0.456976118	-0.402253407	-0.289744126	-0.00420791
0.747961017	-0.395258093	-0.642259404	-0.473066362	-0.237821407	-0.471031774	-0.258907281	-0.438100493	-0.660824153	-0.385420019	-0.142197209	-0.56156941	-0.318770701	-0.306690827	-0.689190092	-0.540618088
-0.06009662	-0.058181373	-0.028096872	0.020001394	0.73374002	0.50114577	-0.084610883	-0.161473592	-0.625020944	-0.281832376	-0.253478399	0.030779206	-0.449956632	0.604938596	-0.361467445	-0.14414966
-0.138052248	-0.147551438	-0.377929733	-0.355687245	-0.354347587	-0.438369319	-0.263774892	-0.478814058	-0.523937238	-0.38750204	0.126172515	-0.340814853	0.051121179	-0.53539161	-0.512126267	-0.429394162
1.099002786	-0.733742598	1.879015924	1.146157793	0.449906241	2.871632346	1.007795225	-0.002315366	0.488912446	-0.177805243	-0.574287794	0.20785185	-0.443132576	-0.448598179	0.641700894	-0.681697227
2.684145979	-0.363955756	-1.093996793	-0.238768921	0.025374372	-0.811988427	0.230820545	-0.764159905	-0.900678055	0.243586909	-0.459647198	-1.081153189	-0.485064724	-0.339642551	-0.995546032	-0.435555988
2.475561892	0.198139539	-0.39776934	0.053109632	0.003579701	-0.290219688	0.220114505	-0.402337217	-0.792602612	-0.651995305	0.477865567	-0.293791318	-0.063110442	0.041098538	-0.65043863	-0.435742361
-0.238618532	0.103469576	-1.138332899	-0.681681935	0.453814793	-1.110122622	-0.340026796	1.377553837	0.111587798	-0.545809266	-0.422196078	-1.275548575	-0.761984684	-0.298591967	-0.76643078	-0.677416528
-0.186065794	-0.444468903	-0.463853533	-0.461747352	-0.141931601	-0.446313133	-0.279902496	-0.444065017	-0.490500197	-0.468357536	-0.477366477	-0.462114959	-0.472878554	-0.448495998	-0.482707239	-0.466194746
-0.587910824	-0.711511925	-0.887706761	-0.349364705	-0.210767611	-0.916495521	-0.148489492	0.514373876	-0.030216349	0.939473879	-0.832780368	-0.542989418	-0.274145937	-0.084169847	-0.47200337	0.136282644
-0.611752911	-0.031895867	-1.156141439	-0.643331157	0.397835692	-1.292672175	-0.316942599	1.515431519	-0.087362568	-1.063705694	-0.055820286	-1.167165396	-0.673602979	-0.25063526	-1.026915453	-0.563736082
-0.781514028	0.133718052	-0.266669227	0.111091846	0.461104365	-0.046294405	-0.152710386	0.871849325	0.170757244	0.705789601	0.011520236	-0.166720558	-0.130234457	0.681327416	-0.050088493	0.338087323
0.103638014	0.039131007	-0.361357999	0.10656312	0.72935376	0.151099826	0.090379948	-0.019452461	-0.414408725	0.65242319	-0.498826374	-0.569079274	-0.705172634	0.678651654	-0.320781275	0.005362082
0.305891501	-0.674016123	-0.652418426	-0.649638906	0.372311151	0.041015802	0.028289685	-0.141730833	-0.711774253	-0.388307457	-0.636657583	-0.585154383	-0.626422135	-0.502061335	-0.736273789	-0.621091941
0.045677805	-0.472671972	-0.428403216	-0.290614118	0.66842924	-0.023941828	0.02541735	-0.113962214	-0.508789393	-0.041835034	-0.90623223	-0.690133645	-0.765954943	-0.108351394	-0.472375765	-0.242765776
0.006980343	-0.54343093	-0.405820063	-0.041284856	-0.279062616	-0.557109246	-0.213785827	1.095487231	1.306810919	1.645977731	-0.96019583	-0.204197825	-0.409591211	1.023682586	0.718820074	0.947637283
1.067938369	0.343543638	1.185225958	1.181538952	-0.714506942	0.860470818	0.603224788	-0.524703596	0.596942881	-0.043415628	-0.916506908	0.126566106	-0.503706831	-0.213756989	0.695328418	0.570866325
0.825919124	-0.960754003	0.001886828	-0.706399819	0.082873196	1.026135822	0.1738795	0.284508149	-0.67668141	0.529742564	-1.305641075	-1.280391965	-1.003174118	-0.2049332	-0.811089867	-0.617403145
-1.077671952	-0.234661211	-1.410565893	-0.785935864	0.452231894	-0.629911211	-0.426967218	0.023129347	-1.299889695	0.261911046	0.234131919	-1.184872019	-0.586617274	-1.13E-05	-1.452349628	-0.76476134
0.510549669	-0.960650921	-0.451424414	-0.674856593	0.320815488	0.054169748	-0.011311165	-0.766751821	-0.635459065	-0.481502211	-0.808117741	-0.223094792	-0.460414301	-1.021575689	-0.625596816	-0.652358808
-0.115964228	-0.715216781	-0.483373047	-0.348297749	-0.15247063	-0.400421012	-0.289811013	2.0166413	1.581849186	2.011842636	-1.157104622	-0.936008131	-0.752864138	0.649550416	0.503161067	0.459859916
0.230378889	-0.357716326	0.762859559	0.398239128	-0.224508426	0.140145112	-0.094317	0.207686999	1.86792523	0.604753212	-0.777554348	1.234252505	0.158146232	0.36796574	1.675248324	0.976913045
1.255291266	2.197727919	1.07541435	0.671419143	0.942511678	1.186236442	0.89018066	-0.805915316	-0.142503172	-1.372260804	1.196996202	0.660715222	-0.098691417	-0.393203036	0.217767022	-0.937595558
-0.138607185	-0.569727153	-0.678318812	-0.472854078	0.486290746	-0.222542512	-0.095052557	0.368118376	-0.584168207	0.051403043	-0.798946503	-0.82780918	-0.687738662	-0.383200568	-0.643544804	-0.403847855
-0.346710043	0.133276986	1.575046826	-0.316735113	-0.66990555	0.927306983	0.075165373	-1.228847095	0.66633006	0.359441911	0.422851742	1.898134932	0.763230582	-0.519247098	0.979013652	-0.116853371
0.13190793	-0.20666627	0.238314882	0.402027655	0.443538704	0.209670751	0.119914063	0.225141702	0.605411305	0.675412351	-0.820215168	0.148821598	-0.265016563	0.653820706	0.557590416	0.537234791
0.547888761	-0.601893284	-0.202710569	-0.373765448	0.556031282	0.14291451	0.445278335	-0.52084847	-0.342122071	0.139907605	-0.878956805	-0.658166885	-0.647662716	-0.706543526	-0.32849577	-0.332502754
0.065933691	0.784219158	-0.48814657	0.8333739	-0.26620232	-0.46029667	0.187267717	0.103823018	-0.553972216	0.868673638	0.802488841	-0.496417525	0.458706948	0.641016175	-0.567272949	0.431286592
0.374708292	-0.671392573	0.381236192	-0.13842167	0.090212361	0.327147841	-0.058216301	0.683304351	0.863855064	0.309778303	-0.659396907	1.129669952	0.049303947	0.50054471	0.799351893	0.339252138
0.042665784	-0.105449999	-0.480555277	-0.107907353	0.949257134	-0.076437147	0.189922595	0.058261787	-0.415303495	-0.010963546	-0.685565242	-0.900774604	-0.650438881	-0.483447139	-0.588664139	-0.356222228
-0.13724378	0.216770151	-0.258674123	0.207588783	0.994551947	0.016561112	0.164920445	0.415407589	-0.151759408	0.033000595	-0.738173789	-0.85815724	-0.639638176	-0.300432697	-0.334608696	-0.106434305
-0.657452753	0.189442712	-0.509419213	0.010978853	0.753425342	-0.257697489	-0.073113325	0.881838885	0.138912282	0.312474123	-0.357005157	-0.624872136	-0.54933727	0.265838195	-0.231194896	0.019673291
0.520502062	-0.37755296	-0.364305195	-0.276708007	0.880413964	0.123569891	0.162900792	-0.333455839	-0.616963845	-0.30855382	-0.976323492	-0.847977759	-0.901024571	-0.488520141	-0.590494968	-0.524851691
2.43128004	-0.68830256	-0.528241803	-0.437720685	-0.801571861	-0.537139977	-0.292545786	0.321785398	0.569498513	-0.453612754	-0.746760149	-0.603178497	-0.595989745	-0.298687388	0.084757394	0.194454166
-0.838130326	-0.248525165	0.16300304	-0.217474358	-0.128386399	0.142455005	-0.671883224	1.313556608	1.860700422	1.09834151	-0.303482022	0.261538671	-0.405726779	1.004739594	1.086566237	0.408087545
-0.250411119	0.151069145	0.388351409	0.908061614	-0.349721009	-0.730729992	0.171926244	0.153748598	1.835524228	0.865268877	0.05630207	1.188450258	1.400412988	0.311812614	1.499762023	1.657303869
-0.241440552	-0.241440552	-0.241440552	-0.241440552	-0.241440552	-0.241440552	-0.230144023	-0.241440552	-0.241440552	-0.241440552	-0.241440552	-0.238839111	-0.236038177	-0.241440552	-0.241440552	-0.240084298
-0.383616459	-0.425307469	-0.632485928	-0.563845154	-0.58674403	-0.670145014	-0.59158979	1.616351212	-0.356627798	-0.762417118	2.679435511	1.083908358	2.769647573	0.64310187	-0.536593658	0.303448853
0.05811098	-0.692566042	-0.647572699	0.392834941	-0.065554987	-1.014864351	0.022424616	0.252945382	-0.094527206	-1.085896371	1.475174639	0.956609109	1.771823034	-0.266641058	-0.466977943	0.649072922
-1.16962628	-0.279221446	-0.049075191	-0.562809345	-1.055194854	-0.070789264	-1.032788829	1.688350422	1.966666521	1.757814649	-0.004289678	0.403510437	-0.269357858	1.403458125	1.469229215	0.948309393
1.185627674	-0.362703736	-1.200021446	-0.193670507	0.997582264	-0.83408005	0.525389469	0.048619607	-1.035160302	0.63780869	-0.828821224	-1.10813649	-0.829628201	0.430274258	-1.110540141	-0.21802462
-0.699939394	-0.556887714	-0.629512181	-0.391308847	0.17871264	-0.539952003	-0.719013266	1.366384042	0.260746663	1.155021935	-0.401736693	-0.288822946	-0.536207291	1.285175986	-0.080925834	0.471424449
3.521485357	0.094110881	0.550362384	0.353544417	-0.198234095	0.328641951	0.32040905	-0.615961977	-0.457613947	-0.515950373	0.110521111	-0.258451536	-0.226660235	-0.268052978	0.001587457	-0.289202636
1.063546785	-0.737613912	-0.594771189	-0.078252616	0.306947409	0.030576476	0.590752347	-0.831044894	-0.669530698	-0.402727273	-0.963989442	-0.825247581	-0.716307394	-0.797285153	-0.72842947	-0.500543975
0.294622675	-0.012644489	1.081028241	-0.092840292	-0.805410084	0.523062253	-0.410963683	0.277197772	2.220383019	0.523774824	-0.191033598	1.16878008	-0.349931488	0.950242552	1.948550451	0.358699439
-0.32541224	-0.576337913	-0.563241632	-0.461864156	0.398251918	-0.341254673	-0.291497732	0.656319391	0.58035395	1.08190082	-0.808682339	-0.688112819	-0.721823003	0.288127102	0.057912411	0.114873563
-0.437446555	-0.981552809	-1.259266091	-1.101623573	0.616587902	-0.518756277	-0.931023064	0.594264029	-0.415363524	-0.584422548	-0.326210501	-0.635318119	-0.582792984	-0.104827528	-0.938923041	-0.728324599
-0.615755524	-0.586908711	-0.495528721	-0.639110256	-0.099240792	-0.521470347	-0.406445605	-0.48940444	0.019925383	-0.157177992	-0.407688488	-0.053657749	-0.124995297	-0.663285553	-0.18174002	-0.437425877
1.245424883	0.106396982	0.093395682	-0.011863768	0.328140542	0.33829047	-0.049042093	1.534656384	2.15002613	0.218191626	-0.918541093	-0.71607638	-0.709967068	0.608551355	0.694704079	-0.012242133
-0.059097293	0.09555416	0.750552244	0.635921319	-0.766714913	-0.210930848	0.05556846	0.43936674	1.743236004	1.282471061	0.005077124	1.176940313	0.692277532	0.768782618	1.610558547	1.125022093
0.350801288	1.132467901	1.03374225	1.892120203	0.198635144	0.233275392	0.891883232	0.209131099	0.774122262	0.370497424	0.228840544	0.532436793	0.760202549	-0.103985503	0.937221897	0.856248128
0.167452332	-0.644376276	-0.448089832	-0.416365355	0.113887816	-0.113747391	-0.101656431	0.10096618	0.280559478	0.362250801	-1.250948624	-0.950088616	-0.984438424	-0.260068897	-0.144974732	-0.149470538
-0.508701509	-0.641574322	-0.472711836	-0.611819721	-0.740202923	-0.664670428	-0.657140274	-0.44162403	-0.305680516	-0.81976264	0.828449525	0.944406768	1.019077287	-0.618555371	-0.433603901	-0.454401653
-0.396283747	0.017546398	0.817647042	0.299264907	-0.378933384	0.113917021	-0.094757696	0.28704757	1.263894486	0.166509554	0.340678599	2.010383129	1.026399483	-0.141269353	1.157899478	0.519436934
-0.424236762	-0.737731279	-0.6422208	-0.607024333	-0.702555178	-0.730581208	-0.56641818	1.534783496	0.200400831	-0.050537304	-0.581072826	-0.558845477	-0.103137413	0.062910298	-0.359341518	0.818923952
-0.554364716	-0.630750399	-0.029183577	-0.730231923	-0.813974996	-0.083285525	-0.62146552	0.393420918	0.380205362	-0.192174314	0.252045901	0.865702882	0.221751148	-0.287945873	0.123046765	-0.221708051
2.079815064	-0.569925939	-0.865391745	-0.578772746	-0.076956637	-0.921139896	0.289896338	-0.214976035	0.390486446	4.249007662	-0.807148298	-0.860480838	-0.151419089	-0.436234908	-0.457875793	1.000346001
-0.685451631	-0.474276249	-0.718527465	-0.578823151	0.24946654	-0.532712463	-0.31557411	-0.021931645	-0.369556686	-0.245023846	-1.055809674	-1.266664842	-0.409946806	-0.40102946	-0.824036011	0.579740013
-0.260048568	-0.470809569	-0.456049884	-0.389852155	-0.409881905	-0.42940695	-0.316014502	-0.444168991	-0.399108434	-0.33918604	-0.364265528	-0.40259248	-0.307255795	-0.244867329	-0.451182962	-0.210036984
-1.121421612	0.625911721	1.595642437	0.673531551	0.340947666	0.24290844	0.288301929	0.410637938	1.839003253	0.687806108	0.58371081	0.623124548	0.609653046	-0.335175422	2.031807621	0.975464202
0.075642836	-0.067800427	-1.299584664	-0.169209541	-0.223668543	-1.30417766	1.879103847	1.5717896	-0.654016452	1.312365716	-0.910846046	-0.812478922	0.442322246	0.879399138	-0.784270585	0.004510483
-0.507650391	-0.917593096	-1.763739573	-1.128901087	-0.347547414	-1.388792195	-0.326760438	0.127972828	-1.182650568	0.938081731	0.532249349	-1.300258433	0.020710989	0.436181625	-1.525126724	-0.334230085
-1.323816287	-1.556821159	0.875599305	-1.047097373	-0.596132052	-0.183940593	-0.9954083	0.084692883	0.911607761	-0.113813896	-0.673177193	0.763822667	0.184306723	-1.584425851	0.804323085	-0.568431671
0.788269272	-0.82954464	-0.458567748	-0.544481617	1.055173167	0.144830516	0.034541297	-0.530180189	-0.680843337	0.024020682	-0.950666367	-0.853640341	-0.708902234	-0.681573632	-0.450062463	-0.537430955
-0.840782055	1.49441143	1.414831757	1.260676582	0.482464937	0.77180032	0.471305119	0.274952974	1.189001105	-0.345656957	1.14277612	0.891649971	1.024069764	0.431127137	1.210912687	0.792484187
-1.418890883	0.229936469	-1.539551708	-0.598134706	0.229121648	-1.116460744	-0.912944259	1.311084829	-1.29640796	0.22688948	1.184990936	-1.271891185	0.12599284	1.247634522	-1.525189322	0.099663157
0.758540657	0.467900412	-2.071665567	-0.592737713	0.234529794	-1.78398114	-0.036386232	0.199458734	-1.154948859	-0.177722396	-0.001990566	-1.682559873	-0.132955764	-0.013387852	-1.781179144	-0.59459799
-1.007226068	0.864204908	0.23740115	0.667390782	-0.342638231	-0.085705088	-0.039039723	0.200758253	0.142200499	0.074468933	1.538405282	0.674894543	1.057162482	0.167801255	0.179127564	0.323766062
-0.177595565	-0.596116044	-0.556104331	-0.620273032	0.376279772	0.015148372	-0.264723059	-0.140839093	-0.593634028	-0.229537032	-0.569263786	-0.68180337	-0.741605989	-0.383520653	-0.640495547	-0.631669224
-0.819010166	0.011519727	-0.221594895	-0.295842797	-0.177685331	-0.412507629	-0.350516687	-0.389312175	-0.428965377	-0.635147475	0.999589909	-0.027499482	0.564070328	-0.776818988	-0.483802375	-0.528591231
-1.777964204	0.830247051	0.667755912	0.992794184	0.01808387	-0.283777967	0.135558124	0.654213732	0.924142011	1.341091563	1.0516948	0.552625602	1.141751073	0.650688435	0.826665446	1.20134348
-0.007635632	-0.510851291	-0.42705763	-0.375084237	0.611898309	-0.126913958	-0.062344598	-0.186252688	-0.50253361	0.008969801	-0.838747712	-0.668375846	-0.731143904	-0.32439019	-0.484496431	-0.407486009
0.089736877	-0.589534362	-0.630744502	-0.520634411	1.972392028	1.288366619	0.64286345	0.075164019	-0.810931365	-0.558743555	-1.159153751	-1.096222943	-1.117860602	-0.501659973	-0.79752352	-0.849828523
-0.057258478	0.36893608	-0.695548884	0.40965549	0.436406512	-0.988938175	-0.007710416	2.686533609	0.414495535	0.76674375	-0.380693963	-0.554546442	-0.327018093	0.903659683	-0.168508709	0.33943847
-1.727700984	1.09094309	0.795141487	0.847094072	0.642800755	0.224527631	0.132558993	0.873206997	0.517383443	-0.029499487	1.426780179	0.70789873	0.98738939	-0.441514836	0.594426613	0.41801193
0.916331169	0.844777055	0.67304348	0.419568145	0.693064242	0.666262826	0.451729867	-0.448096135	-0.159596631	-0.089794883	0.995371439	0.92694651	0.593150239	-0.334793343	0.122083462	-0.110546852
1.443131913	-0.5465546	-0.526164468	-0.405938292	-0.579773692	-0.46658428	-0.339795696	-0.396451532	-0.559087111	-0.558137086	0.356389323	1.112491106	0.248552468	-0.517079402	-0.586105058	-0.604318699
0.873995084	-0.791760527	-0.065644936	-0.660250872	-0.334631887	-0.286769453	-0.353509779	-0.918654715	-0.034047773	-0.726766566	-0.738076137	0.033201543	-0.344986085	-0.521117142	0.290627472	-0.327384366
-0.516686365	0.103428389	-0.644670203	-0.14104303	-0.412691016	-1.616603054	-0.624949846	0.571745162	-0.226516603	0.428574862	0.607961802	0.337130054	1.022375153	0.085782477	-0.529149928	1.00581543
0.831082053	-0.298026099	-0.150059993	-0.511018486	-0.439185409	0.820951417	-0.473458014	3.476393167	-0.14060902	-0.700299486	-0.042265859	0.083322465	0.204067584	1.471691616	-0.424950865	0.1427525
-0.61960434	-0.63263585	-0.243526936	-0.326603515	-0.870579982	-0.564053955	-0.850137031	1.968346977	2.075116485	0.671470341	-0.509145092	0.24196487	0.094562546	1.617915122	1.222831825	1.58973727
0.153276338	-0.893142295	0.290665957	0.097427774	-0.352184958	-0.064970219	0.028686291	-0.497472455	2.115160784	1.944162908	-1.073398444	0.969984363	-0.128798177	-0.303544928	1.731180108	0.594867573
-0.547273902	-1.113948968	0.85139612	-1.391600866	-0.630110801	0.703441759	-1.331464787	1.472908551	2.254752284	-1.008669937	-0.936117246	0.200029948	-0.842624941	1.051584404	2.281243874	0.389845162
-0.173966491	-0.348555047	0.564813227	-0.129474422	-0.568232353	0.169714888	-0.493907883	2.025950923	2.051596377	0.48769731	-0.95930077	0.036232098	-0.276245242	1.277443705	1.565561196	1.069308775
-0.152755459	0.194382245	1.089312444	0.660203135	-0.272712356	0.543534664	-0.108551195	0.045760228	0.855475121	0.250333884	-0.311877739	1.006910855	0.145538181	0.388723054	0.960180224	0.599222562
-1.029909574	-0.427299083	-0.10538275	-0.077786385	-0.826551374	-0.575990796	-0.432703485	2.371607041	1.752047003	0.042584842	-0.39360585	0.735272491	0.793903667	0.36094084	0.463294167	0.832950195
-1.258927696	-0.331386486	0.1006727	0.052737237	-0.632713716	-0.482016303	-0.730494159	0.931930837	2.830787117	0.915398457	-0.334053837	0.909701593	0.379150018	0.33367735	1.557334027	0.87893711
-0.305663272	-0.153302574	-0.397418122	0.474455127	-0.327326158	-0.578056058	-0.020376208	0.95264119	1.969673151	1.435921704	-1.178280074	-0.502296254	-0.363660903	0.46151786	0.672488254	1.188565484
-0.084909159	-0.68142092	-1.466387617	-1.112398384	0.359354477	-0.995105135	-0.820793269	2.191796447	-0.485028882	-0.104286968	-0.641673558	-1.252424349	-0.6187474	1.139962874	-1.043979451	0.420680777
0.1899445	-0.171161898	-0.341914939	1.494267925	-0.699539533	-0.993940553	0.538465642	-0.882086447	0.760111918	0.895421611	-0.199536367	0.024961989	1.835894964	-0.504044035	0.075853994	0.283993143
-1.031668673	0.989403166	-0.319932707	-0.731194276	1.428587548	0.86914137	-0.155511126	0.203785604	-1.188772063	-1.219824867	-0.236765997	-0.920129816	-0.736013361	-0.806187572	-1.4282582	-1.074266887
0.897604467	0.250299807	1.100717938	0.88363461	0.520900761	0.927917538	0.694173511	-0.317825154	0.734695511	0.756288134	-1.093480001	0.040383813	-0.708055643	0.374801242	1.03609528	0.351821567
0.547923069	0.19720422	0.941364467	0.97263764	-0.443021975	0.699898351	0.457583842	-0.541003494	0.335504817	-0.617727257	-0.752407501	0.101805042	-0.439774017	-0.277477326	0.549331001	0.25389019
-0.556350418	-0.19533963	-0.084541914	0.075624559	0.291004907	-0.236533449	-0.202064084	1.018908425	0.672209864	0.818641453	-0.626679059	-0.042568379	-0.145049612	0.435012628	0.301946353	0.561985539
1.633315871	-1.568984763	-0.60924662	-0.490588649	-1.039729224	-0.548435031	0.377719025	-0.700003866	0.59092639	0.952004591	-1.479937302	-0.271436591	-0.281373452	-0.8821195	0.171753873	0.188656703
0.186100375	-0.362224047	-0.737780627	-0.40310156	0.904892705	-0.452187549	0.107087849	0.01565006	-0.524885728	0.829594344	-1.021514389	-1.065636482	-0.895564993	-0.174525268	-0.644358808	-0.371493406
1.795826322	-0.107892194	-0.363585533	0.319846009	0.939810141	0.05607559	1.189806784	-0.70143741	-0.651259609	-0.267995699	-1.051554604	-0.781571701	-0.71909205	-0.628177733	-0.55688875	-0.321008684
0.296016431	-0.344198754	-0.271808059	-0.15395206	0.640419113	0.065199062	0.573787592	-0.393244305	-0.347484315	1.230438714	-0.951709745	-0.85513042	-0.715721601	-0.566307896	-0.361984521	-0.19511404
0.432764019	-0.251442938	-0.286716641	-0.2260111	1.063663957	0.158606479	0.356766849	-0.323764621	-0.407536583	0.320551875	-0.903324657	-0.835999816	-0.874156754	-0.443448415	-0.428228465	-0.444552937
-0.182228337	-0.10603553	-0.832634946	-0.392048737	-0.297017842	-0.85985576	-0.268350164	0.839895183	0.430483213	4.272302106	-0.171974911	-0.589770082	-0.21433361	0.755757556	-0.095204462	0.349564838
-0.110166049	0.021072817	0.236242953	-0.007484291	-0.140250191	0.206005559	0.205206396	0.241091612	0.593922537	3.593273999	-1.256761309	-0.820704212	-0.830287345	0.204456434	0.684560263	0.25106478
-0.67918599	-0.679324946	-1.069611341	-0.515305341	-0.530248252	-0.648708847	-0.374464045	3.768646889	0.090132526	0.82729405	0.094543535	-0.702557954	-0.073674974	0.887791027	-0.631247554	-0.125937798
1.440920486	-0.70459839	-0.748029192	-0.714310869	1.480900406	0.417741572	0.38272879	-0.555545265	-0.849875493	-0.480058424	-0.770887251	-0.846569175	-0.7711015	-0.685693982	-0.844493939	-0.701499774
2.647666999	-0.173262026	0.119569136	0.216914459	1.211375065	0.561477601	0.918006095	-0.288758515	-0.926458285	-1.125446059	-0.877611353	-0.677011735	-0.928514323	-0.389223961	-0.607286639	-0.671895191
-0.851646627	0.487466243	0.199783625	0.468155806	0.542828324	0.048501128	-0.003496443	0.9748564	0.482652508	0.50458243	-0.121126195	-0.086145773	-0.105802086	0.359896104	0.31160941	0.437946982
-0.083970084	-0.268753132	-0.58244308	-0.368912385	0.870759035	-0.183937281	0.014955753	0.096163626	-0.56918281	-0.103692466	-0.764328852	-0.967991399	-0.761616084	-0.52791966	-0.685081196	-0.449718822
-0.884372943	0.516264487	0.128901331	0.494871264	0.568793431	-0.138717266	-0.041301461	1.163273685	0.529318177	0.463614067	0.2685037	0.010543343	0.276612881	0.26242168	0.241836379	0.487629651
-1.099368016	0.208949784	-1.125027952	-0.402085261	0.047302853	-0.701844632	-0.676028874	1.098098969	-0.62840215	0.942984047	1.069927676	-0.595148465	0.044092884	1.434792348	-0.806448045	0.105432723
-0.466437696	-0.167951278	-0.375648157	-0.323450096	-0.458337581	-0.539929113	-0.418341197	-0.3285783	-0.555004308	-0.645577818	0.733283232	0.104209696	0.590674755	-0.610761771	-0.554653841	-0.423908507
0.297952488	-0.481852271	-0.331420757	-0.26244146	0.721853999	0.069249354	0.286294046	-0.432581669	-0.407926397	0.106370467	-0.956955524	-0.80872541	-0.736172331	-0.654550079	-0.463244062	-0.363213176
-0.050292358	-0.640880816	-0.599041503	-0.43946809	0.225137333	-0.386373362	-0.320477876	-0.498975023	-0.662953144	-0.589011627	-0.637918109	-0.659180751	-0.625097617	-0.596105859	-0.652278911	-0.627419496
0.006747078	-0.645493185	-1.069888146	-0.296475128	0.563650546	-0.525090864	0.07273484	0.127220902	-0.691806232	1.051429372	-1.073865939	-1.290934231	-0.837164563	-0.062966857	-0.924343298	-0.147044953
1.234609769	-0.096862668	-0.427894207	0.002782894	-0.032863512	0.085794621	-0.001853463	-1.08570934	-1.103286238	-0.602284239	0.699170285	-0.351312667	-0.35994083	-0.088528456	-0.789292365	-1.027263395
0.074585758	-0.790831787	-1.352344484	-0.49269577	-0.483895121	-0.561765732	0.157442162	-0.299254904	-0.748378655	0.751576944	-1.496517647	-1.124376791	-0.220793699	-0.993286254	-1.301178107	-0.240623437
0.097141068	-0.53695783	-0.438114257	-0.098161274	0.528971618	-0.377971927	0.16983557	0.309569082	0.848794492	0.816209124	-1.168595365	-0.790200389	-0.44062289	-0.380182255	0.170801311	0.461653846
-0.513674441	-0.710000181	-0.939548898	-0.825937203	-0.043784793	-0.650159804	-0.607795409	-0.197504684	-1.129801294	-0.546490721	0.004823511	-0.878462384	-0.252325308	-0.653941317	-1.190601753	-0.814063321
0.506801717	-0.393745102	-0.345218327	-0.312594811	0.865154021	0.170716874	0.29039344	-0.509314988	-0.627741707	-0.343514488	-0.898105421	-0.834589999	-0.803858336	-0.747298947	-0.608216976	-0.593965996
4.283815821	-0.553699026	-0.749217688	-0.437510928	0.103733296	0.627209084	0.775825419	-0.160870353	-0.750388133	0.087325907	-0.657870093	-0.744851322	-0.672670517	-0.439275663	-0.756152413	-0.70059901
0.302835809	-0.434598029	-0.814012332	-0.018528768	0.467894853	-0.437251113	0.33016302	0.282900367	0.246180636	0.73102902	-1.327985434	-1.277414537	-0.776134689	-0.527343593	-0.355369898	0.05910538
1.208064825	-0.242685483	-0.938049836	0.346333095	1.356503519	-0.787949518	0.470936214	0.137504964	0.229940039	0.31251729	-1.417226893	-1.473421058	-0.64335847	-0.528628609	-0.551554109	-0.096142303
0.541737433	-0.738053606	0.455020414	0.170805194	-0.78805623	-0.600093408	-0.450541802	-0.522831365	2.562651418	-0.063705615	-0.447072997	1.614434314	1.134888022	-0.552437199	1.939033602	1.835517928
0.981570946	-0.824616371	-0.99719569	-0.660487061	0.253437397	-0.169632405	0.057433433	0.721552727	-0.221617189	2.176752685	-1.007189766	-0.913307439	-0.655775844	0.340993459	-0.697778112	-0.166759037
1.009138146	-1.065732897	0.338909673	0.09593307	-0.637821481	0.529280265	-0.004602912	0.028179629	-0.046210337	2.312789891	-1.203495698	-0.798332306	-1.120604488	0.288542824	0.303819397	0.147311635
4.399119554	-0.621823217	-0.054351227	-0.246770911	0.670538062	0.882161798	1.038658575	-0.742973162	-0.653251816	-0.444322368	-0.775228735	-0.66402441	-0.717670812	-0.671970433	-0.543446737	-0.639475727
0.426564517	-0.400819544	0.425098776	0.060311899	-0.02151961	0.077361255	-0.000564764	-0.356016269	0.357784357	5.236649769	-0.493799443	-0.339963018	-0.288775686	-0.289050071	0.402852692	0.368604371
0.167273415	-0.10860777	-1.553380186	-0.466345937	1.149811807	-0.480853302	0.023298898	-0.058406936	-0.83042221	-0.24788999	-0.721680894	-1.353583349	-0.570516205	-0.705298143	-1.361789257	-1.018249382
0.310810714	-0.559814663	-0.469988139	-0.501174025	0.691772695	0.022849123	0.015679863	-0.468235175	-0.644753214	-0.42427447	-0.841683402	-0.75349983	-0.777132571	-0.625213752	-0.617222542	-0.606204551
-0.743001735	0.395549848	-0.629743118	0.018832213	0.794484134	-0.513876095	-0.245350099	1.489762794	0.372553324	0.550550192	-0.578650838	-0.847075987	-0.70500361	0.524882198	-0.179574314	0.018887281
0.669832639	-0.654568304	-0.568483177	-0.385777318	1.075115531	-0.006294864	0.412661307	-0.097591618	-0.748677259	-0.312501779	-0.894354876	-0.869927688	-0.714273383	-0.644288045	-0.835439692	-0.504143263
0.09800452	-0.37874137	-0.888254724	-0.070064848	0.387093382	-0.655001842	1.277600577	-0.136931156	-0.965054997	1.498698087	-1.056435709	-1.05963572	-0.713449463	-0.383007752	-1.024582165	-0.361726208
-0.753151809	-0.178152988	0.403516887	-0.042627632	-0.547736956	0.257033524	-0.574385008	0.881879334	1.135510002	0.830396562	0.333327231	1.529004783	0.212210486	1.458996419	1.10001911	0.687754257
-0.39406223	0.982625697	1.17036418	0.654176459	0.243366759	0.414643405	0.355821986	-0.281091073	-0.197496549	-0.83877119	1.261481132	0.551685798	1.032048203	-0.834439094	0.258564473	0.071472566
-0.637568019	-0.824210044	-0.484957347	-0.921964934	0.195306761	-0.345190767	-0.835400434	1.834047175	-0.443097745	-0.313236067	-0.386963215	0.120664195	-0.485836582	0.324761335	-0.291354504	-0.477037366
0.240401032	-0.488656335	-0.428246064	-0.558726924	0.76962756	0.082763119	-0.091328925	-0.210080674	-0.164652488	0.508067135	-0.94328193	-0.801090934	-1.015505647	0.064738081	-0.255910619	-0.36083592
0.534011143	-0.658050344	0.67824132	-0.332892044	0.397294105	0.246389559	-0.25915483	-0.001282503	1.716830316	1.274060242	-0.366313623	2.399815464	0.367063617	-0.057985442	1.710549211	0.221867932
2.780847845	-0.678714834	-0.431831442	2.85758463	-0.763513101	-0.571064218	1.692899466	-0.356136758	0.053548441	0.307141752	-0.695601131	-0.316006842	0.665183781	-0.477493193	-0.285980115	0.75005294
2.019768348	-0.606651121	-0.632983479	-0.974500335	-0.896109186	-0.708537947	-0.532627409	0.162385114	-0.045718093	-0.597680433	-1.111277768	-0.063804643	0.043858581	-0.189614187	-0.639318699	-0.308955505
1.449687671	-0.848325008	-0.792052577	-0.5904922	0.987372715	-0.180536788	0.466556263	-0.748386121	-0.673131731	-0.170179335	-0.92045213	-0.748714818	-0.729663849	-0.641931079	-0.764493143	-0.487573683
-0.107256579	-0.475659002	-0.39738291	-0.68343917	0.69415799	0.082319654	-0.199020537	-0.551297145	-0.721115878	-0.548546542	-0.755053375	-0.655714624	-0.780450023	-0.60695615	-0.642114825	-0.747414564
1.305096141	-0.709565931	-0.662835539	-0.698681617	1.095278274	0.420806249	0.240112655	-0.594342389	-0.71492291	-0.73968523	-0.693505255	-0.753000571	-0.729486716	-0.669319734	-0.71630036	-0.644545528
0.160421008	-1.105912124	-0.436177503	-0.813112947	-0.635140009	-0.057491797	0.001074187	-1.1349524	-0.641628791	-0.526094402	-0.88063656	-0.242822317	-0.631165885	-1.065681037	-0.821994526	-0.734630195
0.083503019	-0.958593087	-0.426520907	-0.203315172	-0.264652906	-0.387656122	-0.158678151	-0.155932989	1.542131656	4.276910413	-0.882463458	0.001900079	-0.260566902	-0.332206538	1.182238819	1.028601523
2.388339884	-0.558560556	-0.635964158	-0.330630314	1.376765979	1.102966912	0.960989015	-0.924263444	-0.915460374	-0.421566579	-0.989763542	-0.963257234	-0.948101375	-0.887929505	-0.914643426	-0.88138808
-0.954386631	-0.501392414	-1.570097213	-1.069816913	-0.346554467	-1.164178516	-0.856654553	0.932074861	-0.610403183	0.420396931	0.491458336	-1.095808724	0.082140964	0.671001221	-1.162912466	-0.021936685
-0.163723355	-0.540327128	-0.485539778	-0.560686375	-0.367935146	-0.432307559	-0.474310366	-0.389248148	-0.393145745	-0.234308925	-0.170591394	-0.413981326	-0.251928144	-0.398468613	-0.465798154	-0.450773384
0.346856384	0.715556632	1.07219554	0.977451667	-0.458297515	0.51743786	0.130262916	-0.284337054	0.663630676	0.012101799	0.507025873	1.500389936	0.934957388	0.295163631	0.854412435	0.489446003
-0.370576645	-0.271146213	2.290118593	-0.564939099	-1.3194133	-0.571636335	0.107556009	-0.194231144	-1.197812361	1.232043255	-0.650887163	0.358275253	-0.243613488	0.141152891	0.060529049	-0.591033602
-1.421263038	0.991618017	0.468434317	0.963818908	-0.000645157	-0.247198484	-0.043224309	0.344633034	0.426051814	-0.16431201	1.486524904	0.786488145	1.4120903	0.042806229	0.41758566	0.557780788
2.544782109	0.316938247	-1.034063137	-0.529831442	0.095718605	-1.252776473	-1.20594375	1.284651304	-0.197268991	-0.545414079	0.579274636	-0.54728848	0.051965101	-0.127052984	-0.61526952	-0.186742385
-0.367173695	-0.775032067	-0.755479449	-0.189364808	-0.81070718	-0.908432909	-0.215182176	-0.519933864	-0.289326547	0.286736524	-0.376084721	0.701200164	2.229506406	-0.54037433	-0.544469223	0.040969054
-0.747565652	-1.307729286	-1.711575296	0.055187211	0.121620545	-0.227483077	0.182076642	1.828244342	-0.446815499	0.597104864	-1.310618302	-1.165058604	-0.068070121	0.207173547	-1.003951535	0.415354003
-0.800177213	-0.622016223	-0.910493893	0.030581204	-0.557016417	-1.260158147	-0.480834488	2.031777553	1.669774301	1.55990141	-0.480928039	-0.498664039	0.33495207	0.832575591	0.490110072	1.263942211
-0.956356064	0.042119672	2.563298937	0.467988353	-0.686015312	1.208847586	-0.127009794	-0.574370251	1.032970836	0.067833616	-0.483518941	1.677652993	-0.28253126	0.393974698	2.179032518	0.392494696
-0.298620017	-0.663732126	-0.527073845	-0.657948708	-0.504469795	-0.374381533	-0.473757386	-0.24892052	-0.229575431	-0.287806108	-0.210249905	-0.011161439	-0.009219938	-0.341966143	-0.389869049	-0.376706569
-0.044022389	1.929345766	1.970417849	0.808246495	-0.309887968	2.785418776	0.377594798	-0.342726367	-0.791463773	0.497233137	-0.054075572	0.837092282	-0.617855953	0.890914182	0.634704262	-0.439191554
1.738966121	0.2898067	0.134582758	0.787310217	1.410690035	0.623992103	0.941388384	-0.764567714	-0.899872325	-0.406083033	-1.021436952	-0.912720769	-1.032328572	-0.084129765	-0.582014894	-0.518575835
0.658040762	-0.248866742	-0.314989933	-0.182883028	1.031697455	0.268407041	0.35973523	-0.433989988	-0.659358314	-0.312763691	-0.913353377	-0.857884632	-0.849607577	-0.650750421	-0.656086243	-0.624423454
-0.429946836	-0.004336823	-0.456280843	0.127659735	0.460409309	-0.203249842	-0.037034115	0.724663353	-0.141442653	0.896256479	-0.821637093	-0.790898388	-0.684021249	0.549003237	-0.321581678	0.185636884
-0.442475725	-0.53296318	-0.837321314	-0.615512513	0.323318646	-0.62506883	-0.54556772	1.239170916	-0.48341702	-0.154875767	-0.471043237	-0.693448106	-0.614045439	0.261854948	-0.657702652	-0.274088478
0.406841747	0.005410453	-0.679197791	0.680142305	-0.393409513	-0.541594603	0.535835457	-1.079496406	0.113076381	1.702819168	-1.611468528	-1.085151438	-0.750348199	-0.980599989	-0.593173548	0.039673469
1.845237768	-0.771834988	-1.108059822	-0.405536708	-0.306912998	-1.039584191	-0.28880196	0.322780676	-0.424110459	-0.388765525	-0.834401159	-0.653579616	-0.60853206	-0.304363413	-0.717811849	-0.348525763
0.405614075	-0.767791657	0.07757888	-0.737654327	-1.36559199	1.467874917	-0.589311563	-0.600705071	-0.792414675	0.680334897	-0.55176653	-0.820545484	-0.825792961	0.220187052	-0.375246114	-0.584751375
0.312504174	-0.799037056	-0.46933265	-0.634597309	0.188654816	-0.051359586	-0.222971747	-0.294606088	-0.215929106	-0.339650244	-0.663554851	-0.337272223	-0.381005429	-0.589668839	-0.299939842	-0.290200004
-0.610981704	0.262867565	-0.770709554	-0.542988334	1.234215071	0.492466538	-0.709953359	1.190621057	-0.334058448	-0.951633191	1.725556509	-0.050727501	-0.412821607	1.964595657	-0.322023858	-0.52100358
-0.023783589	-1.223668856	-0.287937676	-0.533567509	-0.785166116	-0.720584957	-0.273205827	-0.921793883	-0.029399688	-0.635865438	-0.745637118	0.618139853	0.348017094	-1.308690748	-0.185767815	-0.203485745
-1.096294922	-0.037803488	1.425990884	-0.280907213	-0.62868326	0.607337886	-0.170225122	-0.36172863	2.510687404	1.166758569	-0.346817205	0.094952923	1.208044256	0.07560739	2.096549558	0.614065459
0.330121705	0.30089162	-0.844038334	0.21014524	0.541230056	-0.355240995	-0.076825278	0.281598406	-0.724414698	1.239154713	-0.239087066	-0.875357976	-0.665080165	1.410007572	-0.687917779	0.067902151
-1.975759187	1.770093073	0.535979001	0.13547841	0.525663322	0.228128857	-0.767119548	0.196486083	1.448290464	1.193924508	-0.218261727	0.652070668	-0.253691021	1.719944888	1.210948334	0.800641145
0.170455136	-0.436791703	-0.250464172	-0.262226465	0.324681278	0.363593328	0.572908105	-0.585638161	-0.266245953	-0.029063248	-0.701496781	-0.508999775	-0.765991845	-0.650598388	-0.126971319	-0.468934336
0.582267234	0.256697134	1.887678628	1.116827216	1.113683014	1.790684985	1.087429324	-1.361436096	-0.772427147	-0.173060427	-1.380108433	-0.492286323	-1.104962282	-0.763364756	0.195883744	-0.117451435
-0.289206819	-0.332763729	-0.539164929	0.116622224	-0.235344741	-0.921874236	0.028638955	0.463389529	0.949021849	3.639643206	-0.85190778	-0.432622547	-0.041936715	0.362670961	0.460648483	0.77240715
-0.779509141	-1.008993177	-0.902228211	-0.560243468	0.420785621	-0.457836984	-0.738639172	0.756987029	-0.76696826	0.423810453	-0.624278434	-0.273442049	-0.479817117	0.107847832	-0.678462661	-0.454948748
-0.486053048	-0.760193681	-0.785609446	-0.666101633	-0.92511166	-0.970721395	-0.822120937	0.719676181	0.095184342	-0.879403701	0.457023741	0.938021686	2.271023037	0.323399717	-0.607967716	0.641594344
-0.286865792	-0.134308995	-0.026279224	0.513557552	-0.585463855	-0.445429976	-0.449344064	0.843141787	1.429845251	1.469227928	-0.147803625	0.56932181	0.461780883	1.335195344	0.990979487	1.263647001
0.059138203	-0.894973447	-0.870608111	-0.355481779	0.165087516	-0.182082204	-0.129145432	0.721098437	-0.079936837	-0.358096573	-1.165941531	-0.981392001	-0.852458539	-0.403849166	-0.607583682	-0.464173636
0.726817973	-1.76722293	-0.825218263	-1.054265478	0.475595987	-0.165457822	-0.163006052	-0.788922897	-0.763539582	-1.421264583	0.482831737	1.209386915	1.131368471	-1.408437365	-1.041967335	-0.256931348
-0.731589355	0.294769538	-0.810759227	-0.459341182	0.303765558	-0.376793791	-0.759359674	0.68167095	-0.404998343	1.594168155	0.5371128	-0.701783791	-0.416963653	1.888392082	-0.551270439	0.315987827
3.04714901	0.089646502	0.334551898	0.10290462	1.040300274	1.039206236	0.83161027	1.144864349	0.117840896	-0.381681325	-1.427131366	-1.28129045	-1.236758391	0.581031063	-0.220893607	-0.375012266
-0.519845884	-1.768097943	-0.090627153	-1.017097346	-0.980695693	-0.732559584	-0.238570073	-1.016163189	-0.210898748	1.882898021	-0.262882076	0.206185316	-0.096679364	-1.096536363	0.096290001	0.014741364
1.036888609	0.499196176	0.641748596	0.295027784	-0.091106267	0.25074486	0.232773818	-0.735696337	-0.548159511	-0.893290376	0.762283779	0.268545382	0.294287339	-0.534545806	-0.057173499	-0.431930257
1.786015564	0.381868153	0.211270621	0.360801096	1.69902401	0.514540125	1.285525434	-0.916655547	-0.584954147	-0.615616111	-0.666512132	-0.69289287	-0.277341189	-1.29907947	-0.438033764	-0.402969063
-0.755604581	0.711725532	-1.173055798	0.732526425	-0.222092586	-1.037740865	0.161631985	0.599442324	-0.360559667	1.722651553	0.192893499	-1.180529878	0.377222631	0.869551456	-0.811580383	0.983121467
2.142580183	-1.199486374	-0.491928887	0.515743903	-0.61736799	0.377091477	0.640932362	-0.847918405	-0.507798703	0.925685586	-0.987717887	-0.531923757	-0.040815362	0.543050084	-0.606084738	0.489760446
-0.145073155	0.438502561	0.928076577	1.744236407	-0.48312355	-0.194354201	0.381507999	-0.080539786	0.944421171	-0.035896143	0.550570107	0.815498893	1.595890602	-0.006523129	0.930877051	0.916405532
2.508392884	-0.435741134	0.258015041	0.876014328	0.865653354	1.38765756	1.633301009	-1.005826318	0.43406666	-0.394630877	-1.206790307	-0.744092445	-0.137488109	-0.827724974	-0.131816134	0.795703796
-0.336665417	-0.272877082	-0.68813111	-0.313594915	-0.42411864	-0.739262463	-0.178180214	0.427768649	0.206707591	3.956942433	-0.747821559	-0.738505771	-0.411482569	0.258880075	-0.190131533	0.157959379
-0.228279857	-0.874632557	-0.090282716	-1.000243616	-0.559482262	0.777742868	-1.040585055	-0.621380915	-1.168270672	-0.91077802	-0.249146061	0.785556493	-1.191465279	0.355450078	-0.301208797	-0.805012251
0.535205771	-0.638750938	-0.352703402	-0.399869011	0.029181377	0.029489971	-0.087877663	-0.619636326	-0.645750326	-0.618072822	-0.694025757	-0.630134705	-0.683182738	-0.591013252	-0.558995859	-0.569499456
-0.482804381	-0.693393899	-0.547406954	-0.395150249	-0.64805243	-0.514650389	-0.445707446	1.158223503	-0.137449575	1.19623596	-0.59703719	-0.457999302	-0.305489728	-0.598526841	-0.419705438	-0.50572412
-0.618845731	0.442524082	3.690352507	0.493949765	-0.18990058	2.87011752	-0.194554061	-0.03451232	-0.139755116	-0.66896547	-0.457615068	-0.1119325	-0.326867679	-0.110238226	0.309248515	-0.193260106
-0.161957988	-1.042655451	-0.848349676	-0.347102788	-0.509632192	-0.805022307	-0.538178879	0.250316631	1.37618945	-0.41664821	-0.961213418	-0.785784711	0.143741379	-0.221429831	0.338433868	1.480673988
-0.954285137	-1.079193508	-1.129569236	-0.938058679	-0.681745582	-0.732433687	-0.83236778	0.812777166	-0.395980201	0.085401072	-0.460365472	-0.643499023	-0.052063342	0.823628522	-0.749507921	0.402477308
-0.257680228	-0.69041961	-0.817140436	-0.859827308	0.8525664	-0.587092479	-0.619081926	0.453399039	-0.775080017	-0.534188601	-0.541424334	-0.537896332	-0.643739066	-0.083358384	-0.709402335	-0.714338478
-0.108043378	-0.173091843	-0.373856142	-0.2370424	1.398874933	0.103390214	-0.094404507	-0.395099257	-0.669473571	-0.558150291	-0.710478166	-0.745484481	-0.777646195	-0.473321582	-0.596641943	-0.607462816
1.000269681	-0.149742736	0.852510947	0.099179313	0.870449871	1.295742105	0.803091524	-0.892903806	-0.022263321	-0.48970929	-1.063235427	-0.716307551	-0.944334959	-0.78751728	-0.019539745	-0.598283641
0.281435881	-0.467285298	-0.456547855	-0.395798155	0.701348678	-0.065162113	0.157258937	-0.259254704	-0.621927177	0.014760907	-0.853031695	-0.831543334	-0.767813437	-0.501043921	-0.643140957	-0.478380948
0.950540316	-0.902861762	0.48775562	-0.98048614	-0.489435357	0.743717635	-0.575153719	2.436690982	3.299674501	-0.750136583	-0.664627497	0.302774812	-0.736285912	0.502511526	0.661037355	-0.335844781
1.564259634	0.863962011	-0.37020206	0.687575286	1.337030317	-0.961606542	1.339178783	0.39691975	0.718962938	1.062459788	-0.321429299	0.152024415	0.558323189	0.376284329	0.02603237	0.377140228
-0.596900496	-0.06124889	-0.107278589	0.916401774	-0.606983834	-0.725539663	0.314992224	0.030723405	1.911223639	3.322584679	-0.663760493	-0.224741496	0.065796365	-0.005726156	1.083003778	1.933246265
-0.9011536	-0.489811609	-0.457851026	-0.777844078	-0.250266633	-0.077255157	-0.771790416	3.962966352	0.725978108	0.135657253	0.06672002	0.63239834	0.074526449	1.601570412	0.031503882	0.209433621
1.629512683	-1.23387543	-0.755906874	-0.316731832	-0.619796502	-0.523103623	0.047936302	1.136114352	0.875228459	-0.053179676	-1.205189605	-0.61249098	-0.116208459	-0.617241267	-0.243905229	0.113068522
0.640604464	0.276806613	-0.526855744	0.245903332	-0.610404203	-0.517247852	0.049268434	-0.203360042	-0.405297841	0.128766703	0.547182632	-0.354632286	0.494050722	-0.309563525	-0.567348514	-0.090492109
-0.115201364	-0.725250797	-0.778490128	-0.683944826	0.354816572	-0.509563201	-0.341307772	-0.025879349	-0.693100069	-0.170128997	-0.753452612	-0.799899061	-0.75723507	-0.338781889	-0.767095862	-0.552817058
-0.956873843	-0.617185058	0.218270412	-0.270294801	-0.945460277	-0.312335818	-0.901743279	1.031735392	1.803965748	-0.314594431	0.617109632	2.215024581	1.056898568	0.569624306	1.498202055	1.089087575
-0.114313229	-1.173490059	-0.914712742	-0.774268756	0.432208805	-0.707565988	-0.119077586	-0.247464978	-0.709627846	0.845829678	-0.554923118	-0.888166908	-0.320818536	-0.349307297	-0.854580135	-0.299272218
-0.241165749	-0.177969388	-1.704350791	-0.406068673	-0.523249358	-0.5575724	-0.035729291	-0.538078828	-1.318004418	0.968346034	-0.236552277	-1.216822849	-0.453742846	0.00333499	-1.556087213	-0.477841162
-0.173672573	-0.334414889	-0.755359433	-0.386276242	0.737888139	-0.015829027	-0.071165129	-0.306457909	-0.991045636	-0.13281453	-0.341847141	-0.738232431	-0.622219992	-0.195883717	-0.995760221	-0.574450504
-0.122637208	-0.409201423	-0.601115855	-0.392081064	0.673610306	-0.096234295	-0.127741909	0.218310012	-0.559068319	0.094846118	-0.732470504	-0.780303875	-0.754984361	-0.112102275	-0.610524734	-0.361074881
-1.056720411	-0.738426991	-1.708280878	-1.128164831	-0.031694794	-1.187341063	-0.48116297	1.282318511	-0.355715836	1.174015124	-0.896501699	-1.169804632	-0.658965915	-0.760529401	-1.190745558	-0.346326831
-0.560623986	0.039135503	-0.820822576	-0.079513349	0.377544893	-0.694710573	-0.327207348	1.276975517	-0.309897476	0.523267469	-0.43636175	-0.942899078	-0.514181477	0.790070334	-0.599667921	0.219931944
-0.720479128	-0.864357987	0.023080133	-0.64768018	-1.628245885	0.041811293	-0.970129288	0.47992253	0.995163456	0.545866442	0.659231577	2.565242085	0.723388092	0.91623027	0.790880618	0.376796032
1.383968498	-1.517075282	-0.189408994	-0.61164948	-1.104081631	-1.58053101	-0.427014836	0.828127186	1.201764951	0.504506096	-1.206381363	-0.087199245	-0.012943297	-0.643928142	0.787850128	-0.116514197
-0.016687412	-0.460241977	-0.15431303	-0.120089951	0.293770494	0.040312907	-0.073541632	0.146276452	0.253435379	0.260853233	-0.959832891	-0.335183749	-0.679638673	-0.098111922	0.101817378	-0.047553849
0.669408857	-0.506607149	0.344155878	0.574181152	-0.499222041	0.149016221	0.167089966	0.02370096	1.327471806	0.940569007	-1.048972616	0.473681646	-0.052647069	0.098345722	1.062494499	0.775946604
0.414583758	-0.451136746	-1.338834738	-1.06417498	0.19151302	-0.319520172	-0.238389289	-0.55304014	-1.307777253	-0.586900558	0.253760475	-0.820612364	-0.620534339	0.192618119	-1.402864221	-1.001844439
1.143405239	-0.759125379	0.084006028	0.000947852	-0.873409417	0.097414409	0.512494341	-1.169517089	-0.486556512	-0.390227868	-0.266156125	0.13778249	0.679985505	-1.191234039	-0.104370942	0.20943416
-1.0469824	0.033437793	1.366099908	-0.346033469	-0.53491669	0.719973373	-0.607082853	0.698514487	1.746088366	-0.441386604	0.799064066	2.392751966	0.791608987	0.332023413	1.665159063	0.137317435
0.008499034	0.058053583	0.17547499	0.243394314	0.655086939	0.529039317	0.053371044	-0.174750756	-0.209113876	0.494469421	-0.494335991	-0.193829648	-0.677650128	0.735284971	0.005984887	0.055502716
1.028560421	0.801210873	1.380383956	1.254805068	0.589854569	0.897995202	0.890800199	-0.42223622	1.253525157	1.518552598	-1.198660592	-0.201385213	-0.807025507	0.501196841	1.348928185	0.459426038
0.29170967	-0.860927386	-0.087562354	-0.273251965	0.17729571	0.032470691	0.1217606	-0.557022527	-0.394956169	1.083138636	-1.130701725	-0.624917898	-0.926074884	-0.366172432	-0.200180745	-0.174087642
0.378227999	-0.720535149	-0.487920202	-0.569512035	0.542586321	0.053800376	-0.007104746	-0.564579565	-0.631061301	-0.570926739	-0.821292175	-0.652826394	-0.768105968	-0.642951024	-0.600976378	-0.596547508
4.114884257	0.166147598	0.126777893	-0.081484205	0.633935633	0.257622716	0.480166921	-0.766495313	-0.796973149	-0.772539086	-0.235996266	-0.657061872	-0.511854975	-0.845602784	-0.762115739	-0.727951742
-1.726300601	0.673208843	1.096230557	-0.193156173	-0.083269305	0.791833578	-0.467875959	0.135708232	2.316209829	1.939278488	-1.19340346	-0.000497254	-1.106453878	0.419836188	2.044574682	0.491471085
-0.545452025	-0.127302479	0.336675334	0.223618487	-0.047271063	-0.167459679	-0.301258088	1.140942999	2.269170679	1.407695298	-0.609351411	0.122942302	-0.165386279	0.772087703	1.528934422	1.004869312
0.310059054	0.079216134	-1.232134119	0.591326522	-0.681278294	-0.994140914	-0.115417486	0.670601491	-0.285141092	1.581403211	-0.258337375	-0.384857619	0.120980498	1.293492032	-0.673343517	0.994969758
0.905618266	-0.796363766	-0.49554854	-0.755561209	0.380454925	0.158122615	0.116563813	-1.008744024	-0.968508527	-0.901918471	-0.591269614	-0.890209496	-0.627374833	-1.089064116	-0.873541922	-0.911586561
-0.82192036	-0.426125478	1.018414032	-0.687282443	-0.82192036	-0.82192036	-0.82192036	1.264741828	-0.079278483	0.789034245	-0.070549401	3.213439991	0.633694677	1.146284118	0.834629305	0.57391863
1.347765211	-0.971857894	1.853917593	1.072642003	-0.813129085	0.96681977	1.611812723	-0.693671392	2.224535383	0.192269661	-0.898739292	-0.143634502	-0.61072596	-0.565568655	2.525266728	0.296531326
-0.14424043	-0.462186976	-0.214510011	-0.343271613	-0.352446085	-0.202773662	-0.009689079	-0.169370098	0.331118056	5.143085411	-0.667316309	-0.311167008	-0.384855199	0.047781405	0.276976393	-0.053406001
0.304837785	-1.024425089	-1.172165283	-0.710355078	0.566116639	-0.308809988	-0.093879492	-0.170258213	-1.296380865	0.531225393	-0.517956677	-0.91684625	-0.784011342	-0.076601181	-1.210343654	-0.802521817
-0.465438907	0.59369321	-0.604415252	0.545149999	-0.550074936	-0.643260665	-0.170063808	0.029433962	-0.556759189	0.522097531	1.442570894	0.216115852	0.804997665	1.173330357	-0.462437991	0.286350669
-0.31620511	0.038717918	1.148345183	1.181462932	0.10909051	-0.239932353	0.321498723	1.103632939	1.509883002	0.90018912	-1.181294052	-0.573477839	-0.144376175	0.318695768	1.083238441	1.173640569
-0.006773537	-0.638343605	-0.610185358	-0.36790005	-0.70209298	-0.839617818	-0.401428255	0.430500345	2.482855679	0.459137074	-0.690032285	0.347529083	0.28099126	0.16650707	0.954460282	2.017313751
1.698503037	-0.76882846	-0.547550923	-0.556437412	0.310828955	-0.188729204	-0.060476911	-0.747177554	-0.619568011	-0.423649646	-0.793351097	-0.670714087	-0.675647603	-0.747518823	-0.617437803	-0.528211003
-0.177285634	-0.28967748	1.438653328	0.226737074	-0.476351324	0.26497615	-0.149724488	0.768405161	2.751229961	0.727837329	-1.210520247	0.684834093	-0.49649986	0.454150633	2.077870784	0.673933419
-0.800338417	-0.119550784	0.421818317	-0.024919095	-0.75051292	-0.140990067	-0.621794103	-0.106648469	0.907019572	-0.065309072	0.861448238	2.412773039	1.048433304	0.049346808	0.733471133	0.229510078
-0.524306615	-0.772769761	-0.771456051	-0.033021783	0.203965396	-1.231635162	-0.038831936	0.068144541	0.836719856	2.552938304	-1.255717082	-0.881543709	-0.622546776	0.128968394	0.510268643	0.783682911
0.527538744	-0.170239745	-0.49466851	-0.316804757	-0.432256774	-0.460087642	-0.23959074	-0.420188717	-0.575109096	-0.321161238	0.001037661	-0.495620896	-0.137283219	-0.364624246	-0.614613248	-0.446123804
-0.590838544	-0.590838544	-0.590838544	-0.285490461	-0.590838544	-0.590838544	-0.427360627	-0.016457282	-0.493185867	-0.156053897	0.902648501	0.103444941	2.769919485	-0.365736233	-0.560516027	0.448478686
1.165878757	-1.070765848	-0.640837431	-0.712863228	0.112291485	-1.051658859	-0.497077698	0.460238132	-0.226886856	0.154454233	-1.223617015	-0.949987827	-1.261292132	0.068037593	-0.449520391	-0.925970065
-0.11531158	-0.095321511	-0.783311282	0.146712051	0.342369991	-0.065478212	0.151918933	-0.398221895	-0.631683127	1.40986409	-0.383783991	-0.809178074	-0.418210283	0.383948662	-0.695895062	0.130860338
-0.148005553	-0.915179984	-1.273512677	-0.940330299	0.179445512	-0.224594915	-0.835695888	0.176286486	-0.498086885	0.207320549	-0.511062123	-0.914347144	-0.594555898	0.515232766	-0.613591834	-0.392401327
-1.188940816	-0.231108265	0.217612365	-1.226516576	-0.149298183	-0.104767821	-1.461986218	0.904069044	2.099787115	0.478843178	0.183360421	0.999911887	-0.413265507	0.836835526	1.365368425	-0.219155312
0.544925712	-0.167117098	0.081334866	-0.051065007	0.996293014	0.486388947	0.462834768	-0.491606861	-0.46521008	-0.182139032	-0.922174696	-0.685409661	-0.836937658	-0.533534226	-0.306641412	-0.393669309
0.120640925	-0.532646633	-0.647908763	-0.440177672	0.707825164	-0.472892551	0.061345052	-0.032406146	-0.226920104	1.26971575	-1.087517154	-0.993903031	-0.868463501	-0.227142896	-0.373140911	-0.240101221
-0.038691676	-0.462475054	-1.073105639	-0.387261299	-0.491536074	-0.840156594	-0.364321685	-0.220583246	-0.680677879	-0.114799554	0.07209085	-0.739992963	-0.046883229	-0.286657178	-0.903029202	-0.385565032
-0.423453094	0.041569155	-0.363991366	-0.00943856	0.418888294	-0.18946837	-0.41724247	1.082561405	0.058710112	0.3511489	-0.103789123	-0.166293533	-0.364623404	1.169279521	-0.014619161	0.309912021
1.028530722	-0.723146226	-0.537484811	-0.56646293	-0.027705454	0.24253486	-0.193008634	-0.505918514	-0.800254749	-0.162933663	-1.041085365	-0.854006023	-0.953759782	-0.43807289	-0.634093705	-0.506214918
0.412435603	-0.282251391	0.173230003	0.386616077	0.360135399	0.226311706	0.453021057	-0.127492843	0.268840707	0.793832398	-1.03001649	-0.429696406	-0.49048058	-0.007410953	0.241997506	0.410666527
0.953239598	-0.69512418	0.049899709	-0.349887835	0.413477237	0.635116698	0.349419925	-0.609834394	-0.193203076	-0.055273121	-1.114639913	-0.558720756	-0.877488729	-0.514999052	-0.069231808	-0.395408259
-0.803188139	0.461376669	-0.801132551	0.190086717	0.527933708	-0.778999429	-0.254100059	1.811142189	0.233851013	0.653084367	-0.171108653	-0.794626519	0.033668938	1.203551762	-0.418726567	0.716809985
-0.053053679	0.300547735	-0.008662439	1.064186785	-0.116886117	0.160954754	0.573182859	0.991596424	-0.030751706	2.471133398	-1.141455242	-0.690595871	-0.370572422	0.911401753	-0.160538707	0.830413082
-0.9744053	-0.406794377	0.027679254	-0.01514461	-1.008843133	-0.494112715	-0.689682112	0.054917225	0.377344678	-0.379519967	1.101639456	2.089595926	1.566070396	0.308263901	0.305597019	0.551243375
0.766484501	-0.114433979	0.238090255	0.578601892	-0.745627398	0.038947122	-0.039961166	-0.660779095	1.100994531	0.465501802	0.383139578	1.986184653	1.282089665	0.180348899	0.803454874	0.480228246
1.891617403	-0.690948177	0.064241071	0.415091064	-0.184051657	0.008160133	0.816613913	-0.216681073	0.007529849	-0.071346929	-0.98607987	-0.629129316	-0.828417579	-0.403266825	-0.013678149	-0.1679582
-0.374224563	-0.203866256	-0.530762811	-0.502635495	-0.524402765	0.653527286	-0.192779074	-0.206090891	-0.629305806	-0.507036709	-0.343531898	-0.534791689	-0.295941044	-0.335047232	-0.605834366	-0.440429464
-0.411284814	0.791983938	-0.789744728	0.199417239	0.276310279	-0.764575766	-0.049373992	0.344239161	-1.004169296	0.146346627	1.4591933	-0.622017149	0.533949514	0.650926134	-0.942412115	0.178115121
0.122193809	-0.045923006	1.446965944	-0.186628572	-0.382173989	1.330157333	-0.726497401	0.485526394	0.768881714	-0.477429551	0.453308942	2.118609291	-0.328769903	1.874396408	1.566272883	-0.060101008
-1.023625018	0.350528104	-0.266661042	0.179723393	-0.449014331	-0.736245943	-0.218869777	1.841729744	0.847800102	0.917331603	0.843490838	0.412092081	1.478647778	0.109869676	0.195129234	0.51947044
-0.30052282	-0.826259795	-0.685979409	-0.756196625	-0.645046932	-0.592163272	-0.631187723	-0.230215954	-0.270363481	-0.621676395	0.134067309	0.452289534	0.426200843	-0.535828857	-0.506545125	-0.488108835
-0.544805423	4.069184553	-0.544805423	0.744821949	-0.433752231	-0.544805423	-0.304298964	-0.310549762	-0.423764056	-0.43297825	-0.38870215	-0.457405659	-0.273283859	-0.001012367	-0.50096698	-0.373295276
0.74859236	-1.053158984	-0.114306971	-0.495383158	-0.384844649	0.628689532	0.132824699	0.051805987	-0.427246345	1.153803344	-1.465989495	-0.956021919	-0.997699359	-0.385888867	-0.454103601	-0.407334688
-0.446197106	-0.552845046	0.040410313	-0.368494166	-0.697566595	-0.712177579	-0.574851543	0.068575256	2.70043463	-0.018800477	-0.248846062	2.652424915	0.270010285	-0.308582752	1.651062374	0.235642555
-0.321630971	0.258865036	0.323139495	0.120893612	-0.010413347	-0.021466027	-0.616248576	1.059180077	1.602040605	0.65834908	0.40593549	0.644317824	0.092690479	1.665691933	1.339457907	0.952704063
1.996161682	-0.06453619	-0.8338886	-0.295996248	0.375903887	-0.709639642	3.472566	-0.760473842	-0.722616918	0.065041795	-0.8338886	-0.75264823	-0.504266419	-0.329232305	-0.701524682	0.161756461
-0.37488201	-0.497221295	-0.729476879	-0.554738597	-0.666233526	-0.791283213	-0.577205659	-0.233272256	-0.432871268	0.436875505	-0.275097273	-0.561312812	-0.360976746	0.257565202	-0.532540396	-0.300264652
0.197114674	0.222544261	-0.095894832	0.468189518	-0.344058065	-0.419819547	0.011272868	0.91522352	1.516307984	2.672739016	-0.491444219	-0.082567928	0.019439965	1.001059882	1.077606462	1.193033072
0.456053983	-0.289012146	0.104388738	-0.003896427	0.634785354	0.231321927	0.029819554	-0.040412377	0.254779174	0.34518255	-1.041327002	-0.475560974	-0.947055603	0.173237034	0.22856287	-0.073180283
-0.109687395	-0.700563288	-0.729935639	-0.71464139	-0.550408057	-0.731928244	-0.398566241	1.054432728	1.758110704	0.295941688	-0.636254382	-0.463297818	0.217797522	0.021094643	0.170167109	0.119109031
3.050378207	-0.579170314	1.160990586	0.133787948	-0.225337	2.206836862	0.199664371	-0.641306183	2.306694953	-0.453601986	-0.852870951	0.329293338	-0.678183194	-0.389495649	2.067073454	-0.374623218
-0.854215856	0.164269318	1.131769645	0.622530118	0.02159032	1.050477013	1.272060079	0.222226673	0.190227616	-0.200464239	-0.866677439	-0.124380912	0.928968042	0.058589777	0.0634446	0.299817515
1.523568144	-0.664125859	-0.782963209	0.406688967	-0.990615197	-0.90714437	0.280651227	0.243094417	0.314794761	0.115255602	-0.07597819	-0.096542574	1.682370846	-0.163312748	-0.399565957	1.355503374
-0.573720568	-0.573720568	0.689789164	0.005593584	-0.573720568	-0.573720568	-0.32475418	-0.425476262	3.638307902	2.199053023	-0.553720723	0.198255534	-0.167309426	-0.275645368	2.138396429	-0.36301316
0.304791537	0.202328854	-0.178893096	0.057050029	0.036931765	-0.29752212	0.045481829	-0.442422553	-0.757628276	-0.696187025	0.655089872	-0.357264947	0.351468797	-0.595231893	-0.59452438	-0.400300939
0.223777779	0.062269821	-0.553278801	0.069637089	0.052504676	-0.478642157	-0.29679653	2.489912161	-0.379137056	0.976328153	-0.890655045	-1.14924994	-0.993880862	1.716555093	-0.644566264	0.722730959
0.527224788	-0.600099671	-0.418131364	-0.496116824	0.771304894	0.093883824	0.060073373	-0.48081288	-0.595796394	-0.104745152	-0.913564212	-0.781641245	-0.871549552	-0.422782972	-0.542915514	-0.563038463
0.248372768	-0.755104001	-0.551277419	-0.637248867	0.504301366	-0.077183257	-0.055787898	-0.439424166	-0.58642787	-0.476477283	-0.771009844	-0.636525168	-0.733553851	-0.556156182	-0.599050661	-0.57291024
-0.183116156	0.153375824	-0.829092503	0.051050701	-0.591495158	-2.094672614	-0.526715077	0.883514642	-0.773199624	-0.532060435	1.063122427	-0.288433838	1.139630135	0.189273844	-0.677844004	0.062758067
-0.327648186	-0.329869538	-0.105409855	0.245769215	-0.578998667	-0.673028414	-0.19284769	0.542985433	1.567073527	0.414286115	-0.367012382	0.765476221	1.133167474	0.146753868	0.832636944	1.422412668
0.003202617	-0.104993864	0.769902811	0.954685212	-1.108443026	-0.018659977	0.214700901	-0.639459185	0.706584819	0.16085161	0.361297354	1.022541767	1.229930883	-0.300521221	0.856455024	0.786216938
0.854455532	0.013097991	0.420326148	0.112291286	0.512559854	0.73225029	0.30132972	-0.468774277	0.302464478	-0.357774834	-0.763576939	-0.508815481	-0.604681332	-0.245915156	0.367264605	0.139324869
-0.364865399	0.339768762	0.560207897	0.345955761	-0.062836088	-0.004566358	-0.552707625	1.289064372	0.205087001	-0.168649713	-0.31675531	-0.86183841	-0.777428976	0.069147742	0.168387361	0.044595295
0.209155153	-0.644715879	-0.553259342	-0.59153132	0.54084103	-0.200740766	-0.099521162	-0.528528839	-0.713908302	-0.471645702	-0.773499736	-0.668893452	-0.732400013	-0.61585409	-0.688124768	-0.682166179
0.779486824	-0.61096774	-0.61096774	-0.61096774	0.198598201	-0.61096774	-0.37734159	-0.533265172	-0.492806416	-0.504605775	-0.53380001	-0.605015594	-0.559776877	-0.563401125	-0.536090354	-0.5861072
-1.24018708	-0.48130247	-1.795005751	-0.465190939	-0.962459571	-1.799842702	-1.126750599	1.697658522	0.096868253	1.114591714	0.549987724	-0.757620539	0.526643773	1.366985823	-0.659820428	0.765068385
-0.372678222	-0.777515143	-0.092334733	-0.702076476	0.153636055	-0.21828014	-0.514750944	-0.011343589	0.26180416	-1.545150654	1.707212109	2.804273248	0.944390642	-0.419424235	0.107117405	-0.239715205
-0.601224183	-0.76724061	0.109094871	-0.095942174	-0.935880005	-0.454516885	-0.814387303	0.946341426	1.172902525	-0.059350654	0.159049589	2.049982113	0.892083276	0.799432015	0.786944775	0.770147736
-0.375525392	1.137462421	0.948215333	1.103741844	0.778524534	0.476546051	0.534118333	0.759664233	0.996067051	0.226580242	-0.229928391	-0.110352465	0.021324292	-0.097378322	0.65015438	0.391907122
3.501891346	-0.344832971	-0.096973984	1.110273352	0.374337185	0.580146639	1.627332797	-0.912796561	-0.056508193	0.442329845	-1.413957307	-0.824366925	-0.598077041	-0.374408997	-0.166921893	0.195373464
1.311573415	0.533442725	-0.18572479	0.583609946	-0.083205457	-0.561315035	0.038637265	-0.141367633	-0.044601704	0.095002077	0.934567012	0.540277711	0.692170371	0.251682833	-0.185427821	0.170858996
1.123700044	0.753453325	-0.603132136	0.558986557	-0.095685698	-0.864961597	0.600557265	-0.741959174	-0.825107835	-0.103894904	0.742872693	-0.600993249	0.21507277	0.374620024	-0.677204799	0.019077187
-0.812363129	0.293247063	0.278819324	-0.215499983	-0.712405044	0.481917714	-0.48791019	0.104754597	-0.261399793	-0.103889243	1.715952362	1.446313502	0.760152742	0.612915357	0.076320713	-0.181189455
1.485723627	-0.31054942	0.197042375	-0.10443522	0.049515365	1.940803287	0.309835147	-0.567504932	-0.326766007	-0.79693837	-1.580280781	-1.014640301	-1.363273676	-0.13709896	-0.573566174	-0.955717654
-0.348988086	-0.176603854	-1.155216385	-0.805292885	-1.069939892	-1.459826391	-0.89973621	0.328983819	0.851760498	0.364509327	0.131813656	-0.296288775	0.335875362	0.497499145	-0.235563782	0.207051128
0.262598923	-0.607731153	-0.567207916	-0.560979565	0.709562318	0.11702036	0.135794333	-0.805776055	-0.985333437	-0.238993489	-0.858412784	-0.975567727	-0.918514252	-0.74284029	-0.891009667	-0.783865485
0.655151318	-0.595912151	-0.135964515	-0.468050721	0.85397621	0.562042706	0.216125217	-0.730851821	-0.653151842	-0.627223613	-0.836601753	-0.575741087	-0.759398612	-0.756298204	-0.520092308	-0.646630225
-0.192013844	-0.158366031	0.254886901	0.341633022	-0.059574165	-0.046439678	-0.222817247	0.801605411	1.372356576	1.161724742	-0.53834684	0.252200062	-0.190456292	1.207435879	1.135977478	1.061764926
-1.445642557	-0.165694276	-0.376861147	0.552714987	-0.373565597	-0.96412004	-0.307208937	0.386286869	0.581180175	0.052704869	-0.280609639	0.115958126	2.221332463	0.046637228	0.11871818	1.5303192
-0.241505232	-0.634106175	-0.58913883	-0.619933565	-0.599263221	-0.655373671	-0.496706268	-0.560386919	-0.344179992	-0.576562254	-0.113367337	1.807572935	0.636766905	-0.544548718	-0.505572239	-0.452238037
0.268090129	-0.216266833	-0.594379885	-0.014371428	0.942871259	0.042098089	0.428434496	-0.412076562	-0.739731373	0.930020725	-0.794998989	-0.993005095	-0.784938351	-0.07341906	-0.724995155	-0.186945846
0.003015226	-0.425273439	0.225789227	0.056100156	0.345969878	0.341055856	-0.067681496	0.03187203	0.493733677	0.496808713	-0.916500997	0.120057432	-0.611934986	0.526940062	0.525766489	0.264610949
-0.917698816	2.392105166	1.387633486	0.468214767	1.702316425	1.733241459	0.396090346	-0.521935969	-0.332345439	-0.556896912	0.182452117	-0.038785771	0.038894305	0.194483142	-0.360317433	0.026157514
4.574527771	-0.618012751	-0.654464339	-0.322707132	-0.528648999	-0.594377208	-0.32084927	-0.418071705	-0.342155195	-0.504704227	-0.41984679	-0.605791257	-0.104110349	0.021569773	-0.47353984	-0.171063187
0.18655267	-0.76132067	-1.312065089	-1.271625339	-0.322456724	-0.822949142	-0.938793455	0.15209234	-0.975744115	-0.27981802	-0.822166764	-0.682142949	-0.848571859	-0.047371615	-1.068324918	-1.140141482
0.189845671	-0.536544449	-0.425366528	-0.602548903	-1.344196211	0.191397067	-0.814214794	1.219671029	-0.229409491	0.573135912	1.54565299	0.440999173	1.656585274	1.177801907	-0.135314362	0.315377548
-0.437100846	-0.432057076	-0.355266091	-0.58211044	-0.556889583	0.025249597	-0.536588997	0.972629796	-0.102581304	2.709809496	-0.555970343	-0.418467878	0.251257327	-0.385342814	-0.229155169	0.245221563
-0.429017651	2.026038911	-0.225840979	0.921147291	0.903171392	-0.041033814	0.320440312	-0.380396436	-0.388187471	0.12742186	0.362027858	-0.867293865	0.228739724	1.043833904	-0.595937168	0.373864927
-0.406957688	-0.527397418	-0.570926202	-0.523279535	-0.313391411	-0.266743969	-0.442103433	-0.402322073	-0.587027021	-0.52396934	-0.220042625	-0.377063454	-0.188336829	-0.339601143	-0.61929985	-0.465897081
2.154926448	-0.285580923	-0.14257109	0.279748262	-0.64181197	1.124542737	0.30491002	0.783398707	1.194355514	0.450144142	-1.776495895	-1.904065492	-1.377399667	0.439255232	0.157765911	-0.400690968
0.326556625	-1.404877605	-1.916080189	-0.991629954	0.236030357	-1.695865189	0.048444354	-1.032900056	-0.949547137	0.727105387	-0.489926783	-0.505288262	0.653487831	-0.374372493	-1.034304643	0.147557162
3.113148854	-0.572509619	-0.905038187	-0.665053676	-0.578171808	-0.984442185	0.635450396	1.244525309	-0.344358027	-0.211578947	-0.33665042	-0.414913118	-0.273329352	1.976809012	-0.779893306	-0.35880522
-0.149745457	-0.249684766	0.695334181	0.849456461	-0.714922086	0.247397453	0.272253143	-0.161469612	0.450905734	-0.006608931	-0.337678729	2.799520309	0.510191644	-0.474126569	0.19913164	-0.054549746
2.770214811	-0.654735177	-0.578548739	-0.571228625	0.721887652	0.043120481	0.889507585	-0.643527423	-0.604570042	-0.217119724	-0.687706653	-0.65511391	-0.673655528	-0.61187188	-0.555731478	-0.510938286
-0.45259565	-0.852853338	-0.767576479	-0.525304952	-0.927514976	-0.704527259	-0.556038234	1.746348405	0.199349029	0.392489331	-0.690516525	-0.293353145	0.342826703	0.877621622	-0.127082456	0.526976715
-0.668584404	0.517172193	-0.664691822	-0.650175573	0.49182314	-0.125598965	-0.692666643	0.696822585	-0.583799657	-0.672638594	0.100487482	-0.607647509	-0.575529289	-0.348290023	-0.724296143	-0.647309654
0.401002603	-0.964035261	-0.081747478	-0.558693227	0.191871472	0.165381756	0.044396016	-0.353152448	0.31951215	-0.051330782	-1.16482969	-0.382964025	-0.692187093	-0.77130806	0.176069287	-0.022487631
-0.716339893	-0.716339893	-0.716339893	-0.416294309	-0.266005046	-0.716339893	-0.072447527	-0.697613419	0.076571715	0.703991646	-0.716339893	0.132020195	0.269211942	-0.442890315	-0.288755665	1.121374785
2.227426002	-0.663820673	-0.860030026	-0.662995224	-0.505953756	0.453916406	-0.156927821	-0.141842828	-0.594994992	1.197354775	-0.881777433	-0.93653682	-0.353536319	0.989445474	-0.576570225	-0.309059614
2.989737805	-0.68933616	-0.951256407	-0.643026138	0.061037022	-0.958361094	0.667287698	-0.33382718	-0.577258295	-0.204479704	0.389845483	-0.332199816	0.241346874	-0.337140047	-0.921632811	-0.690894669
-0.758890631	0.966339023	1.306325961	1.610139131	-1.094677142	0.102922286	0.033253805	-0.137323332	0.939436101	0.106902651	0.393197914	1.036116399	1.002970896	0.445182011	1.182724677	1.196009447
0.111512955	0.053690726	-0.59166261	-0.362550419	-1.2191932	-0.380810554	-0.345944088	1.85846293	0.050104848	-0.506488605	0.639689395	0.837799341	1.129428919	0.610391481	-0.491806764	0.252146969
-0.64159872	-0.896020717	-0.190811506	-0.56224338	-0.534456486	-0.894696546	-0.540437943	-0.081556577	1.702614751	-0.487619671	-0.795921998	0.143963638	-0.343889547	-0.457944051	0.933719918	-0.626410358
-1.077310191	0.442194651	0.382560569	0.660423749	-0.472510919	-0.400392531	-0.270711402	1.119196054	1.527456087	0.189881667	0.752440863	1.080163667	1.21436672	0.540444837	1.031035436	1.047184835
0.153579132	-1.06573038	-0.714950539	-0.916228459	0.345949386	-0.138382517	-0.243187298	-0.11264315	-0.426382837	-0.458905772	-0.829178607	-0.238163427	-0.433704987	-0.693677138	-0.658896025	-0.814904022
-0.807797057	-0.849315488	-1.068337538	-1.045842541	-0.572589525	-0.794994476	-0.88463037	0.81139353	-0.242497818	2.578356452	0.094057182	-0.614733071	-0.573754694	0.208361542	-0.68914057	-0.445873436
0.525759533	0.043079256	-0.774848205	-0.719359776	0.655177547	-1.051043429	-0.414879615	1.489454741	0.252257163	0.383583821	-0.913197233	-0.950898802	-0.289256553	0.740064436	-0.185905238	-0.62752227
0.608398974	-0.63920959	-0.253471117	-0.131537039	-0.243224128	-0.153941989	1.258227109	0.26089764	-0.290705359	0.581809638	-1.040914679	-0.395355626	0.091131324	0.052579622	-0.504539127	1.501340443